131076
65548
491533
458766
17
786451
458791
884785
294964
32822
98361
294970
753723
884796
262203
294974
327745
720966
786507
622670
491601
720981
327766
131164
753760
196705
65634
360548
524402
622707
196724
163958
295047
819337
32905
688266
884877
884881
786577
32915
721044
524438
721050
786587
98462
360606
164004
557222
819368
524459
172
753839
819380
590011
524485
360649
590028
393422
32977
458968
295132
327904
688356
491753
196846
33008
33009
491767
459001
33021
426238
459008
819458
688389
426249
360716
196886
131351
164120
426265
786715
491804
65824
819489
33058
131364
590120
786733
303
426292
393531
262460
590139
360764
327999
295231
328003
688455
459081
426314
819533
491857
524629
557398
426326
524631
131417
98650
590175
131426
524643
393571
295269
852327
196967
754025
819568
459123
688499
262518
688503
164217
688506
426366
164229
164231
885128
786825
491914
819595
262542
459152
229784
262557
393632
229797
164261
491943
590250
98730
721322
655789
426417
491954
655794
328118
262587
557500
524738
852423
65991
786894
491983
885207
557528
754137
197089
360932
131557
426470
488
360938
590319
98807
819708
164351
295425
557570
819714
33284
492043
66071
819741
721439
557604
66084
557607
819757
164404
819765
623161
164409
885310
885313
623174
459345
164435
295511
557656
393816
393823
557665
98918
885352
262761
262765
66171
721533
590461
492157
131710
66179
393861
197253
262792
688778
66191
688784
328341
819861
721558
295577
754330
754333
66206
295582
393888
623266
197285
393894
361128
787118
164529
164530
164546
426691
131781
754374
361163
787152
426706
590548
66262
656088
721629
328414
656097
66274
393957
131819
99052
688875
99055
295670
328438
99066
623356
164606
557825
557837
590606
459536
852760
262937
197414
230183
787248
99121
688947
459579
525116
426813
525118
525126
230218
525134
852820
754517
623455
557920
525154
394083
873
689003
876
328555
230254
197484
295793
557940
852852
197494
656246
557945
689021
820094
459646
885635
689028
328581
263046
131976
66441
361356
623507
197523
361363
99228
557981
295841
689064
394152
164782
426931
263095
787385
132031
197569
590786
787398
787400
132043
33741
33742
33746
33747
623573
754650
656350
754654
66528
132065
689126
459753
590833
263155
689140
230396
885762
132099
525314
820234
656403
590867
525332
885781
1049
230426
197659
361500
230429
263198
721956
689188
721959
361512
721960
656425
623665
558131
459834
590909
754752
885825
230465
197699
656459
296015
296016
722001
754770
885841
722002
590931
427097
328794
558173
459875
296036
197733
230499
230503
525411
623721
590953
99438
33906
394354
590965
361591
722046
787583
1153
66692
1160
689289
754824
558229
689306
722074
427165
820383
623776
165027
558245
656552
623785
394411
66738
361651
591034
263356
263357
722116
394437
361668
230603
132301
263376
623824
296150
263383
722136
296152
197851
99548
754911
427233
1253
689383
66792
492776
754923
34031
263410
361715
754932
558323
394492
197884
492802
591111
34056
787722
754956
722190
558355
230678
689431
132380
361757
754974
525603
591140
558375
886057
886062
591156
656692
460086
492866
755013
558406
689479
492872
394569
230730
263498
263499
329037
820553
591190
689495
361817
525665
853346
853352
886132
66943
787839
755074
329090
689541
525709
361871
329103
427412
296342
66967
460185
656795
329122
689572
99748
296361
66986
525741
787887
66993
34231
67010
624067
427463
558540
656849
198097
329171
394708
198101
853465
755162
394718
558562
689636
296421
558566
263654
787946
67052
394747
296444
558601
165392
296469
1558
165402
820762
624157
99871
296481
427562
165420
427564
493102
624173
263728
362037
525878
99899
853566
788033
624197
34375
722508
886349
198225
99921
591454
820833
689762
460387
198244
394866
493178
231035
820864
657031
231048
624266
689805
755347
624275
755356
657059
788131
788144
788160
1729
165570
263875
591557
165578
886477
132814
460496
493272
689882
329435
394971
132831
755424
132832
362210
329445
755433
165613
624366
820975
427761
362229
755450
132858
67325
460543
755456
853761
165639
132872
329481
132888
362268
395037
329512
526120
198443
493360
722736
526133
788278
460597
329529
329531
886589
1854
755521
689988
755526
1865
34633
100177
329554
165726
591714
165730
591716
165735
493417
198506
362347
755565
755570
198525
493438
657277
427907
231301
1927
558986
657298
886675
624530
624540
788387
296873
690104
427960
1977
100283
198588
1986
886726
722890
493520
67538
657363
34772
722898
427990
460759
231383
362461
788446
624605
657375
395233
853988
395236
395238
100328
657385
460777
100342
133112
100347
886780
296956
526334
755710
231430
690182
100358
264204
198675
559124
395283
493590
133144
591898
428059
296987
198687
264228
886821
854059
755763
854090
329803
395342
788560
821329
231506
198741
329817
723034
264284
34913
231525
2152
591978
526443
624749
297071
723056
2161
657524
67701
788599
297079
460921
493699
854151
67719
100490
362639
821405
166047
166050
264355
886948
755879
395436
526508
624812
854190
755888
67761
231602
788660
723124
428216
526521
788679
264397
198868
526551
821468
297183
264415
133343
854242
526559
2279
198888
657639
821482
297193
166124
559341
297199
198897
166136
526603
526612
723222
854296
428317
821533
330015
624928
887075
67886
592180
362805
592181
821559
231738
67899
788800
264517
690502
264520
887114
690510
723279
67920
67923
788819
559445
395606
428378
166237
395613
624994
756066
657764
395623
264556
2420
526710
362872
100729
526714
264568
67964
297339
231800
166279
592275
133526
2457
887194
657820
297377
231841
395684
887204
264614
297382
166312
657832
461223
461227
461228
559540
821689
821690
133561
854459
625085
68031
362944
657859
526787
494021
887239
690633
362954
166347
854482
887252
887259
100829
428512
526819
2551
657913
690682
2553
821762
559619
690690
2566
100873
133641
723470
526862
461329
723476
690708
690710
35350
199192
690734
330289
526902
100919
231996
625224
428618
35407
723539
68182
821846
363101
494173
68190
166496
133730
592482
559717
789094
363112
789100
821869
166511
297589
395894
789111
756343
395901
789119
297601
461443
133768
723593
658057
199308
199309
887439
264852
821914
756380
592544
494250
297646
330415
789169
2739
494260
821939
330424
2744
363200
461504
821954
789186
658113
68294
821959
133832
35543
625374
330464
592610
297711
68336
68339
494323
527093
199416
133883
35581
428799
559872
297727
133895
592649
363273
232201
494345
592663
166680
854812
559901
428834
363298
297764
789282
35622
68392
68393
789292
854830
297778
756532
199480
756536
822074
691003
723772
68413
232264
2889
559946
527177
101198
396112
625490
428884
592725
363349
592729
822108
854879
625503
232294
133991
691049
887660
494447
363376
854909
559999
396161
789378
199557
789382
363399
363397
166789
330630
625543
756621
396175
166810
297885
527267
854947
232359
592808
166829
134078
101311
854978
232387
658370
297925
330694
297927
560067
560073
363466
428996
232396
134098
429011
887766
822232
560096
232418
527335
625650
756724
330744
429054
166927
789519
134160
363541
3095
625690
298011
429084
822298
134178
789545
68650
691245
691247
592944
68663
822327
265271
68667
101437
3134
756802
134211
166980
265286
658505
887885
461907
134229
396375
101466
35933
560223
461920
68714
887920
298098
691318
363639
429176
789628
724094
68735
887937
396420
593031
756874
167054
330896
887953
855190
232600
494750
68766
625824
134312
822442
724139
855214
36018
887987
36020
527541
462011
724155
724160
527555
36037
494793
855242
494794
265420
494797
789709
298191
265424
462036
789717
593111
396504
167133
199903
822495
593121
396514
232673
724198
429288
724202
396525
888046
101615
134385
199922
396529
429297
101621
134390
298235
363772
789763
691463
494869
331031
494872
560415
757028
724263
429355
298283
101677
724270
167217
101685
134455
265540
200004
232772
855370
36171
658764
167253
494936
363865
691548
757088
134501
560485
298344
724329
724328
724332
331117
429424
167281
462200
167290
200060
265599
757128
3475
855452
757148
101793
298410
757166
200110
36275
658871
822713
429499
265660
560572
757183
69059
888261
298440
101837
593360
888276
200161
822755
429539
822768
396792
790011
790016
396800
396804
560650
101902
69135
822801
527890
69138
527889
658965
888339
331289
265767
822825
298543
298549
626229
101944
429626
3644
495175
167504
298577
790098
593501
527967
167523
462444
298605
298613
757369
626304
233100
888461
233104
495252
757397
855708
626332
3746
659107
265892
822951
134824
396970
3754
462511
200372
331451
396988
331455
3776
69315
495302
528070
757450
429777
265942
888536
233178
528093
298718
626399
823012
691948
69357
593649
462586
757498
495356
331518
560898
265986
397063
167687
691977
823047
626445
495375
397074
233235
691990
36633
724764
724765
659233
823078
790312
429865
69418
692011
528172
560939
528174
397103
790320
593722
790330
888634
462654
429898
69453
331598
888662
135001
429913
397148
659294
692069
757606
266088
102256
462713
397179
593788
593792
724867
888709
397193
462729
266121
593809
102293
298903
200600
561049
135068
626589
233374
528289
364456
724913
593844
266166
495543
397242
659386
855996
266172
888766
790464
626625
430018
4042
495564
397261
102350
856014
364497
4050
266193
331729
495576
462809
102363
462813
856033
102370
36837
495593
298991
233462
626678
331768
888822
462861
725007
725010
102418
266266
4123
397341
266273
528418
659492
593960
725035
331820
102447
135215
200753
135219
36919
757824
168004
462920
69707
299085
790607
69720
462937
331869
692320
725088
659554
725093
168050
299122
200833
856196
626823
397449
233609
790666
528530
4244
659604
69781
463008
135329
37035
790705
692402
528561
266424
299194
725178
561339
823489
102593
626886
69835
4303
102614
37079
102620
725212
102622
37087
495846
332010
397549
561391
364788
495862
37117
135424
102660
200965
790797
626963
168212
889109
692503
332055
528665
135455
168226
332067
692521
168234
495919
69936
889143
561467
889149
495937
627011
790852
102724
823624
659786
463193
102746
758107
332124
856415
299360
659809
332135
430440
266602
233844
528759
201080
856442
659836
364924
889215
4479
397699
37264
70041
823706
823707
201121
70051
790950
561585
233912
528826
725437
332223
790980
561609
823761
397778
266709
201179
561631
463328
463335
627176
561640
659949
528881
758258
627192
135673
102919
659978
496138
299541
37402
496155
168475
266781
692768
37408
528930
266787
299558
758310
856614
332335
37426
528948
70200
201276
201277
135745
430663
135753
37450
758348
37453
168531
725591
791128
4705
889448
594556
234110
4736
201354
529036
135825
823954
397971
266910
168607
889502
430754
70309
692901
201391
103089
430772
70326
135866
758458
201408
496325
561862
103110
168648
824012
168659
37592
496352
266987
332525
332531
758516
856825
332541
660222
4863
627454
889601
37635
365320
365322
529167
824081
70420
168726
332570
529181
758558
496420
660261
168741
430893
332590
561970
791356
463680
463681
660291
365383
4940
725838
693072
267090
398168
889691
70503
4973
103278
398192
332657
758642
529266
4980
758644
693114
693120
136065
201608
37770
168843
5005
725910
5019
758685
267169
758692
37797
562086
201640
791476
398261
791477
857013
332728
594872
594875
103356
496576
857026
857027
594884
70600
201677
725979
234460
889820
168927
267233
5090
398306
201701
201705
431082
889834
70638
5104
889840
37875
594939
136189
889854
529407
758783
168958
136207
562191
463890
365587
496666
726043
136218
201754
791584
791586
398373
726054
562214
201769
300074
857130
431148
857135
627769
726080
791618
70723
365637
889928
398410
398412
824396
5199
70735
136273
37975
169049
201819
889948
857182
496735
562272
791653
595049
234603
70773
726137
136314
758907
726140
234621
726146
857219
693383
627851
300174
496785
201883
169115
169116
201886
38046
332963
169130
857258
234670
365743
464049
595132
595133
595135
234688
38093
791759
333017
496858
365785
464093
333021
824543
857311
234717
857318
234728
595176
529641
529643
398571
300271
857331
890102
169212
693503
267521
169218
365830
5386
791820
234767
169231
5393
5399
562455
202009
267545
759067
333086
5408
431393
267554
267556
628007
234796
693548
595259
529725
70975
5440
5444
693572
824646
398662
660814
726355
726356
300372
824663
103769
824666
234842
300381
71010
38246
759144
497001
5482
628077
136557
398703
759153
791922
300402
628084
38262
890230
529789
431488
38275
693635
333192
398729
103821
5519
38289
660883
726419
693651
791960
103836
71070
71071
562592
267683
759203
136613
562596
824750
333231
333230
38320
136626
5556
234938
431546
333243
791998
136645
333254
71114
824779
529867
5584
169427
431576
464356
38377
234985
726509
628209
857587
300531
726518
562680
366080
267776
792066
398851
5635
235010
136712
398856
71179
595468
202260
792085
300566
300572
562720
661026
136739
595491
464421
890405
431653
169512
71210
71214
71219
38453
267835
136764
235074
366154
71243
726611
5719
202328
5722
857696
300641
202345
235114
169582
300655
38511
104046
562803
890484
71285
530037
628342
759414
366195
693882
38524
398979
890508
104078
595599
595602
792212
267934
759457
399012
71333
5800
726715
333499
38589
267970
431811
71362
300752
38609
333520
202451
104146
366298
497376
5863
792296
693996
431854
399087
399092
366325
71414
857851
399112
759564
497421
759569
694033
694036
38678
235288
104218
268061
595742
5924
202535
562989
562993
530227
890679
530232
759610
530237
497477
366407
825161
366413
137043
464723
497496
5980
399197
530274
235374
595824
825204
792439
726906
628607
595840
235393
366466
595841
432002
759686
825223
432009
137098
890764
71565
104335
759697
759699
530323
104343
202649
104347
890780
759710
825247
792483
432035
333737
6062
497590
399286
202680
661433
137146
858043
890812
104382
726975
497604
301004
432077
464851
333785
595942
563178
432107
301042
6131
661492
595958
628728
661497
399356
759808
563200
333826
104458
759819
595981
727053
202771
563222
497686
628763
170015
268320
366630
628774
333863
235568
497714
563255
759866
628794
268348
563275
497739
235598
596049
825429
137307
563307
268397
137326
202863
759920
432238
530548
891001
465023
71808
891013
596102
792709
104587
170131
137365
694423
333976
366743
891034
563356
759969
170145
694436
268458
366764
694444
301234
71859
6324
137396
661682
104631
759993
596154
465083
6330
399547
792763
497854
596156
170178
891079
39113
891082
366796
661709
268496
104657
497875
628949
39126
661722
366812
170209
39141
301285
465126
497897
71914
366826
694512
825585
563440
202995
628979
71928
399611
858366
497921
334089
825610
39178
104718
694544
891157
760089
661788
71965
301342
629031
497964
170285
137518
497967
727344
694578
39220
727349
563509
301367
891197
825664
465221
203080
268616
432461
530768
694609
235859
301396
268631
137559
104795
6498
694629
760166
891244
268656
661872
399730
203127
694650
629116
661892
6533
694673
235924
432535
530840
104860
727454
760223
432545
629156
596394
530863
629172
661941
596406
170420
137658
891333
367048
39368
825802
334287
858581
498134
793048
268760
498138
203225
498144
334306
596451
104933
530917
399847
432617
203252
301558
432632
268801
170497
596485
334342
6663
170503
530952
793098
498186
39436
465422
563731
596499
432659
530970
72222
498211
170532
530981
596518
530982
563752
793137
236083
170551
596536
236094
793153
563778
563782
399944
170569
399946
662094
432720
858705
432722
203345
301656
498264
399962
301661
39517
6751
498272
399969
6770
170611
367220
498292
465529
39549
727678
629375
72318
432765
432770
727683
662148
563843
367237
203399
858760
170630
170639
236176
694930
39572
236181
629403
301725
39585
236194
6820
367270
236198
531112
465596
203456
334531
170693
793300
760534
727767
826070
891609
236249
170715
203483
727777
367331
563939
269031
531181
826094
858872
105209
203519
432897
498433
6915
400132
269063
170766
727825
826133
105238
203544
563993
629529
269083
367392
170784
236325
269094
760622
793402
334652
269119
138047
39749
236358
6982
498504
760650
367439
858964
826205
727906
629619
433013
596860
203647
269186
105348
596869
859015
498568
433032
629641
301966
564110
629650
367509
170901
39831
859040
859042
334763
400304
269236
564148
105401
531386
727999
39873
334786
105412
465861
629704
203720
465867
39888
269267
400340
695255
7128
891863
728030
203743
334819
203753
236522
662512
39924
400373
433142
138231
564216
891894
859130
498682
629761
334852
203782
465930
171023
891920
662547
269333
39957
203799
793633
629798
269358
138288
334915
203846
269382
695366
7242
433227
695371
760910
498767
105556
203861
826457
72795
891997
466018
826467
498789
40038
203879
498792
433264
138353
826482
531574
367735
892022
662650
760956
400509
269438
466047
138365
203906
269444
531592
236680
531593
466057
498828
433288
236686
466063
138381
7313
531612
466080
138404
466084
236712
138408
105640
105644
7348
138421
793782
761017
695482
400571
171199
236737
531653
728262
105678
892113
7385
695520
40164
466152
597226
859372
728306
793850
72954
662781
236798
367872
302339
367885
269583
564496
302353
761107
826647
40217
597283
433444
138541
859441
269619
564531
400692
499001
793914
662842
728396
466253
630093
531792
597330
105810
826708
400728
695641
204122
40290
367970
138596
171365
302444
826734
695663
793967
40303
433519
7537
793968
761214
662917
73094
335244
564621
892307
630163
564629
105878
269717
40347
630172
73118
892319
368037
433574
892327
400808
302503
40364
302512
302515
269756
302531
105924
138696
466378
794064
237013
663001
892382
826850
892390
630246
368104
794089
138736
695793
466418
794104
630267
105979
597500
826879
466437
105990
695819
237067
663054
106009
728612
106022
564774
269868
695860
826939
630334
466497
400964
237129
237139
269908
695894
630361
7772
368220
7778
138856
663153
269938
630391
40568
761465
433785
106106
7807
827011
597636
761477
433798
335496
433800
532105
499341
695958
794263
269974
73366
794269
7840
401057
433828
106149
237222
106151
171688
466597
335538
564916
270006
827068
106173
401088
696002
663236
630468
171716
892616
728785
7893
728789
532182
696024
761562
630498
499427
499429
171750
237287
466664
499434
204524
630512
827122
761591
532217
499454
827139
433927
106249
302863
106258
40725
761624
270104
728856
139035
7967
827168
139050
663343
270128
139060
106296
892730
106310
466759
696136
663373
401230
565076
139097
8029
696162
827237
401253
597865
270186
728938
630642
106355
270196
761716
892790
860032
466817
270212
8072
630665
565130
171915
434064
106384
368536
171929
499610
434078
597919
794535
565161
303018
139179
663469
204717
696238
696237
171954
466866
630707
729010
106423
270265
532412
729021
401343
8129
565186
827331
794567
696264
171978
106443
401357
827347
597976
401369
761818
8153
40925
892894
139232
401377
565219
139235
532451
565228
860142
434161
466932
696313
499711
204801
892933
303114
139278
172049
696341
466975
761888
204836
172070
73767
696361
401452
630841
467004
401471
41024
73791
761922
827461
335947
532556
893006
139344
73814
663642
172123
73822
532575
106591
860255
204900
106597
729190
860263
434280
696427
467052
139373
565365
434293
893050
368764
204929
336002
729220
696453
336006
172168
598155
73868
401556
565398
401564
860327
598186
336043
598191
893103
303283
532663
499909
860362
762058
630986
106706
827605
303323
893151
368865
434406
401641
8426
893164
532719
860400
598258
237812
73972
598262
893173
893172
8441
696573
205053
401661
368900
74000
237841
499989
106775
237852
631075
631076
368934
631080
303407
434481
762167
8506
401723
270658
598341
336199
893256
500044
598348
500055
827743
74080
631137
598367
631138
303456
500069
336229
696687
532850
434549
631158
41333
8569
565630
532865
106883
598403
532867
106885
336264
106893
762261
303514
729500
598430
500128
369064
74156
336301
696749
106924
762290
8626
598458
827834
663996
795069
827840
860611
467396
795077
205253
303560
41417
139723
696781
369102
303567
729559
631257
74205
303595
369133
369147
467458
205320
8722
533015
205344
172576
434728
696876
795181
401966
827953
336434
41523
762420
893491
369204
270898
336439
467513
238132
827963
533051
172605
139842
827970
631372
434764
303694
533071
205392
467537
270926
74323
860756
336463
500309
205400
565858
369256
434792
139886
434801
467570
107129
664187
270972
74365
828037
303751
664201
762508
205453
762510
696976
598673
336529
598675
369297
533149
336543
598690
631461
500396
762541
434860
762546
402103
860863
139974
238278
533192
369360
303828
762585
238299
467679
140001
172770
41699
565988
238310
8944
729840
664306
566003
107254
172791
402166
434937
172794
140030
533254
402184
500491
795405
631570
238362
566043
795420
369439
533282
500515
434981
402215
238387
238389
631606
140087
336696
795449
566071
762683
697147
729918
205635
500551
238410
697162
664398
893776
762707
467807
238436
729957
861029
697195
107373
861040
795507
41848
828281
336766
566148
74633
861068
41870
631695
533394
402323
238483
566164
205716
271262
205728
74662
140201
9140
598967
697277
9149
369601
304066
664515
467905
828357
41926
500677
140234
598992
369617
304084
598998
271323
205791
304099
107492
435171
533483
435180
271341
205806
402415
828403
205811
304119
828410
336894
500736
467978
631821
828430
631823
74765
9237
435222
762905
795676
336934
304167
566312
566310
336937
42023
828466
140343
631866
304187
336961
861250
664645
664647
599115
107597
566350
74829
107600
205905
828497
140374
730203
271453
369767
730218
402542
173179
533628
173180
369794
42114
304259
894089
74893
533648
500880
500884
533654
795800
402585
894107
140446
828578
697511
763048
631977
566440
107690
566444
205997
173230
74935
337093
304328
42187
664779
173266
337110
304346
664808
533737
828652
500978
304375
369912
9465
435451
304382
206083
337157
861445
9482
304398
697621
894234
369947
206107
697629
632094
861469
107806
206117
42279
75048
533799
107817
435496
632114
304435
664885
795957
402743
271673
468298
75087
206161
664916
828757
566617
337248
9569
9571
402789
42342
271728
828794
861565
861568
271748
599434
107917
861590
599446
566679
42395
9630
730528
894373
140709
828842
9644
697775
337328
468401
107951
665013
632246
402871
402875
9662
632255
402879
271807
206274
501188
173511
599501
468431
107986
632274
370135
42458
468442
75230
107999
796128
763361
468453
599528
632296
140781
763376
402931
665075
9723
337404
665084
75259
501247
435713
796166
763399
75280
796177
828948
501270
894495
501280
730658
435749
402982
42533
468523
173612
861741
435765
730685
763454
75331
403012
271942
108108
271950
894543
337489
173651
403039
304743
763495
632425
239223
599671
75390
730750
599680
435858
632477
698013
206497
730785
9896
632493
468654
370355
861877
665269
108214
75459
599758
108243
730843
796382
9956
534245
534246
272105
698090
665324
403180
730862
435967
468740
403209
698122
370446
730895
763663
10007
599833
370459
468767
796449
239399
141099
632620
10029
894771
829240
567098
534330
272187
173887
501571
829258
698187
567116
272205
403279
599890
632667
370534
141164
272238
730994
698226
206708
665460
272247
599932
436093
42877
173958
468872
632724
796566
305050
829340
173981
763810
10148
436132
829350
206758
305068
468918
468926
75715
894918
468938
665548
567244
468946
403412
436182
698327
75741
108512
468961
665569
862182
206823
174056
698345
534508
600045
272367
370673
108539
206846
468995
75779
174096
665619
239638
206881
895013
698408
272426
272429
141357
10289
206902
370747
698429
75840
10304
665666
436294
763984
370769
501840
305235
272467
436309
862296
632920
567388
764005
403563
698480
436349
75904
862337
665734
501895
75914
272523
43147
829581
862350
338064
10386
796821
698519
239774
895135
862371
370853
600233
305323
796844
862380
141487
174262
75961
731326
469183
796863
731329
829634
75970
272582
665804
534741
43226
10459
108763
829662
338144
370913
534759
370921
43241
76013
403695
698609
239858
633074
403697
829687
10488
731383
174330
76032
207104
534788
436487
43274
174346
502030
796942
305424
272657
698644
108831
895264
698657
272679
895272
665901
502061
567601
76090
174396
862527
796998
731462
76103
633166
403791
272721
403795
272725
371030
10590
600415
633188
534888
141673
633196
207218
43378
469369
10618
436614
633224
797066
633228
633230
731535
108943
338319
666004
797081
633244
502173
371102
207263
436655
174513
43442
174516
141751
174519
567737
829883
338364
600510
797120
174528
436674
371139
371140
240067
731585
174535
76235
371153
666072
240089
469466
862684
76256
371169
535012
10725
731623
109035
502253
272878
371184
535025
797171
272883
567797
109044
240118
109043
109046
666112
43524
43525
207366
829959
338440
535049
502286
797199
43538
141843
305691
600606
207400
567850
240170
829996
600621
436782
371246
600632
567868
174653
797253
797257
436810
535115
305740
469578
862796
698964
797275
567906
109175
567928
436855
797306
535164
404092
305794
535173
862854
240263
338575
371350
666262
207514
207515
305820
43679
830114
240292
141990
502439
436907
273071
535217
240314
797371
76479
666309
371398
10956
142028
207566
76508
10972
10976
240352
109285
436967
76519
404202
174827
273135
174832
404212
502517
371448
11001
469759
371461
142086
469769
862986
76558
764690
830229
404248
338717
43808
469797
43820
731954
404274
207670
76599
338746
11071
469829
535367
731978
43852
43855
76625
306010
699226
338780
240476
109406
895849
600943
240496
306037
174966
43895
863097
404345
535421
273278
142209
469889
338820
797584
699283
273300
699287
600984
469916
666525
895904
338852
568230
109481
633773
142253
502701
568242
764852
240566
797622
568248
43959
601018
11202
404419
568259
830406
732112
109521
469981
601066
732140
830444
44014
469998
404467
732149
306165
863221
404475
666620
699394
338947
404491
830479
109583
797713
568335
633874
863254
502809
240666
338972
764957
338975
699427
207910
11302
830505
601133
830511
830513
207922
666676
830518
437303
371773
863298
437318
175175
109646
535631
306256
732252
273506
896099
175203
732263
830577
601204
371834
404606
830591
830592
404610
830597
699526
11399
371847
568460
339092
76951
44189
44192
306336
830626
273580
634029
535726
208048
797878
339127
404666
765115
634044
765122
830659
175305
339146
437454
470222
77015
44248
371931
830683
339165
77024
535785
240874
797934
437488
634098
175351
896247
339195
765179
863485
44285
77051
11523
535822
896271
77072
208146
568597
601366
535838
797983
666911
863518
601378
503075
666915
142622
372008
208169
470314
44331
601389
437549
470319
535856
470322
863540
666933
535865
306489
208188
666941
535873
830786
830787
798024
503116
240983
109916
568671
437612
372080
11645
634239
142726
77195
503181
11667
699798
339352
11675
208289
437666
273829
142758
241064
765353
798122
732586
44460
77227
208303
241079
372156
208318
798143
601536
142784
732612
77254
568775
699849
634315
11724
896463
568784
175569
77268
765410
11746
634340
536047
110064
470517
699896
339449
568832
339456
830977
241157
437768
44555
306700
699923
536085
372246
830997
339480
863770
503324
732700
208419
142888
732713
11818
896566
863802
405051
339520
601666
798277
142919
798280
142922
175690
77395
11860
11861
11864
667229
601693
831073
208482
11880
437865
470634
470632
536173
798318
732784
536179
241271
700026
241274
503418
306812
437886
306820
437892
568966
601734
831112
831113
77449
241291
208527
372370
208531
44693
110240
175779
896675
700069
110255
306866
208566
667319
77494
11963
536255
110277
110278
143054
110289
700115
437973
372439
143064
437976
306909
634592
863971
601830
536302
44785
634610
339700
601845
667385
864001
241411
110340
77578
339729
372498
470805
175897
700191
44832
864034
339749
634661
634663
143145
503593
339756
175921
110391
77630
732991
208704
798529
667455
470855
77639
470861
372563
634708
831316
700246
864091
733022
110438
569190
175977
438122
569196
896884
110455
864123
339838
569215
896899
536456
307080
700303
438167
470941
77726
733087
339874
241571
798628
896934
274344
405424
798641
569265
896948
602038
765878
667577
12230
45001
241610
536523
176082
77794
307171
831462
143338
765931
765932
733165
274414
864235
45040
372718
143347
339962
831488
634881
569346
438276
405511
438283
897037
143376
12305
700437
765975
536602
208923
241697
110626
45092
634918
897071
503866
634946
110659
77893
766025
602185
176203
372813
45141
798812
766047
274532
700517
471142
405604
241773
667762
405622
831606
831609
471162
438398
733319
864392
405642
209036
209038
274577
897171
602264
12441
503962
12445
405666
635044
372901
471206
77991
241832
405672
45225
667818
405671
143533
635052
569519
569520
602284
536756
274613
569527
536760
176313
372922
405692
438462
274623
504005
372935
340168
241866
405708
569553
45269
504022
733399
864472
372954
12524
602350
372977
241906
798963
307445
438518
405757
405761
12546
635138
78087
209160
438538
766221
274710
536858
864538
110877
799006
12574
340256
340255
602406
209193
536873
504108
12589
110893
569648
143666
45363
45372
799037
45374
700732
209216
307524
831819
864587
340307
438611
45398
471383
307553
176482
45414
438631
373096
373099
602475
700779
504174
373106
504179
405878
438646
799100
405899
864655
733597
209314
569763
668073
668078
799151
340400
12723
438714
733628
864701
209342
209343
766403
405956
733645
143825
897489
635349
537046
242133
307673
537050
864732
143842
668133
373233
274942
864766
438784
274947
307719
897551
111121
799252
274964
537111
733720
668188
799261
45600
700961
111138
373286
864806
897575
438830
799281
209459
406082
569924
275014
242248
209481
799309
176723
78420
373339
471643
897639
832104
504427
766572
176750
373365
537209
733819
635519
537219
864901
242311
111243
12940
471693
111248
406165
864920
12953
12957
701092
307882
570028
340654
242351
668336
307889
635572
307896
176828
570046
701119
307907
471752
766666
602833
570066
340691
635603
13009
897755
471771
766686
307935
602853
340713
406257
406258
799474
13046
897801
570124
668428
701196
537359
373520
406284
176914
635666
13076
504596
897820
832289
144162
471847
766770
602935
373565
766786
373574
209734
373577
832333
144206
340816
635731
406364
701286
13159
471912
537448
504681
602989
373625
144257
439170
45963
144268
897933
701333
504726
668568
766873
340890
734108
439201
209833
701357
504750
734127
373688
275384
635839
78784
439239
308167
242631
865229
766925
111565
78800
865233
537554
734161
78809
504795
46044
308187
472030
701407
242659
209892
832485
537574
242660
439272
635876
832494
439281
472051
242682
504828
177149
799741
635900
472064
734209
406532
439302
209931
865297
177174
504855
898072
308251
144419
832550
46119
635943
341030
308268
504883
767028
406579
668727
46136
570427
504895
603201
668741
242759
78925
668750
799824
242776
799835
832607
472161
668770
308329
242794
275563
242796
177260
439405
504949
701562
701565
472192
46211
177284
144515
865414
537739
767116
504973
373901
668822
46231
898202
308378
177308
242849
865442
46249
701616
210098
898237
111806
308417
308423
636109
177357
79054
799952
636117
373978
242926
374000
701680
865523
308469
832757
13562
668923
177404
701692
472318
406784
46336
603392
439556
374022
537864
177418
79116
734479
111891
734486
570646
767257
505113
668956
505120
537892
111908
570666
79148
79151
472371
898355
505142
701752
472378
701755
472383
79173
537927
701770
144718
46416
439633
210258
374099
210261
734550
800090
111967
636257
734562
406884
439653
79205
865650
603507
79220
144755
898422
439671
767352
472436
243073
144771
865669
505221
537990
341384
243080
570762
46478
112022
13725
79262
406950
275880
767402
275895
603579
767422
46527
210371
767428
701894
177606
374215
800202
538062
79311
144848
177614
570831
734676
341467
79324
46557
505308
701925
570853
79336
144872
275946
800234
13804
570863
865777
898548
636405
210423
767479
505337
46586
112132
800267
407054
833040
701969
472600
800283
144923
865819
800288
46624
636453
13866
800298
767530
636469
79422
669257
407114
538191
177745
439893
79447
144985
243293
112221
46687
177760
603746
865891
636519
13928
341611
243312
210544
407156
308852
145014
571001
472698
112254
734849
374404
439948
865936
538256
439953
538261
407189
308895
571044
243365
833190
145063
145061
145064
669354
767661
800430
79538
571059
308917
472757
571063
308925
898751
800448
407234
800452
669381
833221
538312
636621
636624
14032
79570
866005
898775
472797
734943
866015
702178
603879
177895
14056
603884
374511
243445
177911
440056
603899
538369
177924
538374
407303
46861
440091
702236
702237
669470
14109
112414
538406
636713
472875
407342
636721
145202
210749
735043
210760
866123
210772
538453
210784
538465
210795
767855
178033
46970
767873
243587
571271
46986
309131
702356
604053
636822
47002
407452
79773
407459
210854
636842
473007
79793
210865
210867
735155
276402
604082
210871
178104
669626
210877
440254
866241
473027
505797
374726
571349
571350
14296
145373
669667
112612
571368
636907
473067
669678
505841
14328
833530
407548
47102
735234
538627
440324
309255
178184
440329
604172
309260
210960
473109
833558
407577
538653
276510
14368
112675
79911
538668
342061
276529
178227
276532
768053
833594
276542
735299
47179
604237
178256
735318
79959
145496
243801
14428
571486
342112
735333
604262
178282
702570
735338
407661
571507
899193
505979
440451
800901
800902
309385
276618
178314
309386
473227
211091
47253
407704
866457
178332
702623
47269
735400
14512
669873
506040
735421
506046
440514
735427
899268
833740
506062
735440
243920
702675
112852
14548
47321
211167
407775
14563
407781
145643
538864
342257
276725
440567
309495
112892
112894
145665
112898
178437
702735
866576
801041
243989
342293
211223
866584
14618
735515
309532
80161
473378
80164
899367
244007
768295
506154
145713
866611
702773
276790
670011
178497
637253
178502
801095
506185
178508
342348
276816
375123
440661
866654
14689
833889
407911
702826
309619
571764
539004
244094
14719
473475
571780
604549
866696
768392
47498
506252
801164
506256
113041
899478
506269
604577
113064
211374
670128
47538
375220
14782
178623
637376
539071
80319
473541
637382
80332
113113
637401
801243
834012
375264
539110
506345
375274
801276
473602
244228
834056
375304
899594
670220
408078
571919
834066
670227
14874
244254
80415
571943
178735
440893
506431
604741
473671
47695
768594
440917
735829
80474
309852
572002
113255
146025
834156
539246
47728
899697
572016
440947
473717
801399
670333
178819
277124
14982
604807
735881
440970
47753
80527
440976
834194
113299
604825
309915
342686
277157
244395
801453
866990
178865
670387
113334
866999
539323
146108
309949
146115
670405
867014
506567
178888
113356
47823
506578
670423
375512
703197
703201
735974
703209
277231
146163
47861
80631
277249
473858
637699
211716
47879
178954
506639
473871
80659
244500
244503
867099
604955
473885
670495
539424
47908
834353
506673
539442
703284
375604
899894
867133
47940
211791
736090
539483
637789
801629
605045
572281
867193
15230
506753
80772
867205
342921
375699
375704
211867
834467
15268
506788
146348
474030
211888
375729
277428
801716
539583
670657
375748
244679
80842
572367
605141
768981
474072
867290
834531
179175
605161
769006
637935
769011
572404
801781
703475
801783
211965
703486
834559
769024
113671
408585
244745
703510
244760
605209
408606
703519
179233
474145
375841
572463
48177
572472
343104
179265
801866
408651
146513
146515
506964
212056
736347
670812
769115
244832
867425
801899
638061
638069
801910
539771
48252
867461
244871
703624
48265
638088
408719
310417
212122
769178
441499
867484
801949
670880
539810
310436
736421
670887
343213
81070
244913
146613
146614
375991
867512
703673
736449
179393
572612
670917
605383
81097
244952
310490
146651
572643
15593
310507
113900
736491
15600
703729
310514
244978
507121
736496
15617
441607
474384
572693
48410
474398
769311
212257
474401
867622
507176
48426
441644
376110
408879
245038
736566
736567
867641
605505
736578
638274
474436
703814
605512
867661
736589
48463
703823
769362
343379
507218
736602
572767
343394
736614
114023
310630
605543
81258
736618
212331
507246
507247
48496
277873
638328
310648
638332
834948
441733
834953
507275
474512
671123
769428
48535
540055
212377
343449
441757
245150
15777
146850
736674
81317
540078
703920
409009
671153
179635
605629
507330
605636
802246
146887
343496
769488
540114
146900
671191
179680
15841
114155
507372
540143
572921
376314
81406
310786
278019
704007
736785
474641
802323
409113
146969
179737
245278
572960
540197
245288
671274
769578
835119
146992
802353
179768
671296
179777
835138
802368
867911
278090
474704
147025
573011
114260
343636
867930
638559
441951
638561
605798
179814
147046
245354
48747
835183
802418
48754
15988
835189
867963
179843
736903
540303
278166
278167
114328
704150
671388
16029
867998
769696
442019
343715
671397
16041
605867
343724
179886
605871
573102
704179
573107
48820
442035
147131
409275
704190
147136
409283
212680
343754
540364
376525
540368
212692
671446
245466
179936
704225
81635
16105
507627
311022
376559
48884
835321
278268
114430
278275
114445
81678
540432
540433
278288
48915
540435
573207
442136
245528
147227
474908
442144
540449
474918
638759
180010
737066
802608
540466
311090
802613
212795
507708
147269
278344
409416
180047
81746
278354
704342
81756
212830
376671
376675
409447
343912
638833
474994
409459
606074
245629
769918
606080
376704
343938
507784
16272
638867
475030
278423
606104
737177
638874
769946
245661
638879
835489
507815
704425
573354
278449
114612
540599
737211
376766
638911
114625
704452
671692
802765
49102
868301
278480
311246
311255
49119
638951
245735
868329
507887
278514
81907
868350
835582
81920
540679
114703
540688
507920
442386
737300
278548
278551
376856
344090
442396
49180
606246
475175
540714
671790
868399
180279
213064
376904
606290
147538
213081
278618
344159
835682
409700
376938
213100
114802
737397
114807
475256
606328
802938
344194
49290
639127
704669
180384
671906
49323
245932
835758
82099
540854
573623
213176
278711
704699
737468
147650
573637
704717
868557
704723
114902
82134
16598
639193
344282
606429
344291
868584
49390
409847
114938
311547
573704
475401
409874
442644
147733
82198
573721
835866
540962
344357
82216
573737
246057
606505
803119
16690
573751
409912
868663
770362
704824
868668
508234
835915
115021
672078
344404
737624
180569
213338
508249
115039
606560
868703
770404
672101
16742
573799
246117
508265
278892
672109
82289
868723
49523
475509
606584
868729
770425
803196
278911
180609
278915
868752
49553
410003
147860
311705
278937
82331
508317
82334
868777
147883
147884
704946
475572
868793
115131
213439
672194
672197
115141
704967
541126
475590
278990
836049
475606
279002
147930
246238
115169
115170
475619
180708
115176
246248
606699
836075
868846
82418
279027
639476
410100
508405
311801
410107
344580
573958
803337
606733
868878
573967
868880
770582
573982
16928
344611
803376
344628
82486
803383
115256
344634
475706
541247
82499
737862
475718
541256
49735
639566
770638
377435
246364
246373
213606
639591
148076
803439
672369
508532
148088
737919
836224
180867
180874
344718
836247
869018
82590
344734
443042
246435
115365
443045
541352
803498
737965
115375
246449
443057
475828
311992
574141
475839
246466
148165
475849
475852
672465
279255
606936
49883
639716
508646
836329
606956
115437
17139
377587
705271
377594
17149
115455
148223
803590
541447
508680
279303
475914
606987
705291
344847
17170
181017
49946
213797
639782
803626
246573
443183
181039
181042
181043
672570
508733
377662
738109
17218
312130
803656
49996
82765
574286
541522
836438
148312
344923
344926
410463
443231
344927
803685
639852
115568
17268
312186
770939
443264
770949
508806
148364
312205
17301
82843
639912
410536
82863
770995
672692
771004
541629
312254
607167
672701
508861
574403
803781
377798
771015
115655
443337
312266
246739
115667
443349
869346
345061
574443
672748
803823
246770
50162
869369
738304
607234
246792
246798
836622
836624
771094
541719
148503
377881
148506
640025
181275
148509
246810
738342
214055
476202
607274
771120
640050
574516
771124
541752
803899
836668
181310
115780
803909
771143
509013
574553
377949
607326
181347
705643
181359
17520
345202
214133
17528
148601
869500
214145
640129
836737
771208
640136
443530
50315
312458
246925
83092
17557
640154
574618
148636
771232
738465
345250
804008
804011
509108
312500
17592
705722
771259
607420
574654
443585
17604
410821
705739
83148
869582
83155
181464
443614
738527
640231
771307
443628
705777
836851
410869
541951
115972
181508
148744
804110
312593
115987
476438
214298
869663
738594
836902
574758
476458
771371
116014
673071
640304
181553
83251
640315
116029
50500
640329
673102
705872
476497
836949
673111
771419
509279
83295
279914
869740
673137
17778
214387
17780
640370
50560
476549
738694
50567
247175
411018
869771
542090
837005
279950
17807
476559
476560
869781
804251
443806
640418
50599
312744
509353
869808
312762
345534
542144
837058
509387
181714
673234
148947
673239
837079
673249
738789
181734
17894
214503
607722
673259
607726
148976
50675
771574
476668
312831
771586
738819
17926
869896
706056
443914
869898
443916
509464
476700
345631
673315
640553
312873
804398
411185
869939
50747
83521
50755
837187
116293
214598
640580
837194
607820
771663
247376
771667
378454
280153
673372
18013
149089
411233
575082
378475
869994
411247
247409
607857
575089
247410
149110
673399
509560
870014
804489
640657
706201
149147
312988
50846
214690
771747
18089
837291
476851
444089
837309
870078
181955
640710
50889
50893
476879
247507
476887
542427
870111
542433
280293
247527
509672
214768
345840
575218
214775
640769
870146
837377
50948
280326
673542
509704
313097
247565
116494
378638
247572
83734
739098
50979
673575
608041
182058
247595
476973
870191
509744
214831
149298
182067
804661
18231
542520
444224
280387
214852
345926
83783
149320
149321
345935
706386
837461
313174
477016
345945
640859
837468
509788
214878
575327
182113
706402
444262
673644
509808
804722
706422
870268
182151
804743
149384
214921
149388
804750
345998
149391
640914
116629
608154
247707
477085
411550
706463
18336
411555
804772
247719
640936
739247
280495
280501
149447
444362
575440
346071
575469
804853
18421
444409
51195
772096
247812
477190
182280
509964
608270
673814
280598
870427
641053
673822
18463
673824
116771
51236
247846
182312
477226
444458
673836
116779
772142
411699
477244
542784
575558
149574
84049
247890
575573
804955
378973
608351
804960
116836
673892
477289
542826
149615
280688
84083
739446
149624
313465
444536
477318
116872
444556
673933
575632
411796
313493
608408
477343
18591
444579
805033
215210
870570
149677
182451
739508
739513
116921
116927
575680
870603
805071
674003
149715
149718
182489
280793
313566
313567
477406
772323
51431
674026
51438
280816
51441
18674
379120
379133
837890
674051
575750
313608
805142
411930
608541
182564
313637
575792
117042
543031
182585
84282
575806
674111
608576
608586
510284
379212
346452
543061
182613
674135
837979
84322
739687
346472
772462
706930
805237
280958
18818
51591
608649
346506
772495
379280
248208
510353
379282
149909
149910
870810
248220
412063
444834
772521
215473
117173
313783
117179
18879
281023
575939
117190
608715
18906
870875
805339
772576
379360
412132
575974
215529
707051
870895
772600
215548
674322
510484
543259
18974
870945
707107
51751
182825
543275
117295
150063
412212
281144
543290
707131
51774
248382
346694
19015
739914
379468
838221
51789
870990
707152
51793
215635
641621
510563
346729
412267
150124
739950
739952
445043
281209
84609
150145
805507
51841
182917
19080
19082
707210
182922
805519
707216
281238
379544
314009
281242
248474
838299
248478
871070
117411
838307
51878
412326
608936
477866
641706
346800
215728
51892
510661
805577
84683
674509
19150
477903
150224
641744
51922
772819
543445
510680
51929
183004
183005
248544
183009
838373
641766
281320
772841
510698
740078
248561
772851
609013
84731
150269
84735
871167
150272
281348
838404
838408
641803
477970
871186
641813
314135
84768
477986
641828
117543
445227
445229
117557
674627
707396
84811
117580
871244
871246
478031
314192
346961
117586
510801
838477
707413
543575
674652
117598
445281
150371
772965
772971
314226
346997
347000
478075
117630
19327
740225
117634
248706
641922
347010
84870
478087
248711
609163
84882
871316
314263
248731
215964
543648
510888
84905
773033
871340
609197
674734
740275
543670
838586
609237
183260
576476
576478
183267
707565
412659
248822
740344
281594
871419
707584
805889
805888
19459
19461
117769
642059
150540
85005
347149
707598
510988
19473
707610
412701
478239
412705
576545
117798
412714
379948
674860
445497
117818
740419
183363
19524
19527
642122
183372
314445
838744
19547
19548
642139
85087
805984
543841
117861
52336
52338
740469
773238
773241
412793
216192
314497
347267
117891
707717
52357
281735
806027
871564
183436
19598
117900
642192
871570
871580
707747
19627
85167
445615
576691
347322
183484
85180
150719
347331
281796
281806
249047
347363
740581
380134
806120
281833
543978
740587
380140
576749
543981
85225
412916
380151
281851
445695
19713
85258
642316
216335
838929
838931
150805
511260
314655
380202
249134
118063
249138
118073
838970
871739
85314
380235
118096
380243
314708
675157
871768
183640
642400
281958
347494
118120
576875
249198
347504
52594
249207
544122
478591
118149
740745
347531
544141
576911
118171
413088
19873
183716
871846
642478
150959
511412
871862
216507
282046
118207
740803
150985
52683
708046
576974
708049
380369
839121
740822
380375
249308
642535
806387
577014
675323
183804
806401
544258
675330
839174
642566
118280
282119
740880
282129
85530
544288
314915
740911
151090
740923
347716
183879
216651
708178
151126
773724
151134
577119
314978
609891
478832
544372
511606
347767
740984
413308
315011
315013
511626
282254
609939
413333
282265
20124
675486
52895
642720
872098
413350
675494
708263
151210
183984
85682
675509
609979
315067
20157
118467
446149
872137
184017
675538
773843
315093
872150
315095
184022
216806
577257
249583
872175
315119
413425
20211
773874
20213
52979
675571
282362
282374
85766
773902
53010
85779
315154
577303
872215
577305
839449
872223
675620
708389
872233
511786
642863
577327
151346
118581
872246
282421
184125
872254
577358
118608
216916
184149
216918
249690
544604
610141
249695
315232
511841
511839
741222
446312
773992
577389
348013
20338
708467
741244
610173
249726
380799
216959
184194
413571
872322
85893
85890
544649
413582
184210
479125
118680
216988
20381
216993
806817
348074
53164
544684
446390
315321
708540
446396
544702
643006
184252
806849
577481
544721
413649
643029
479192
872413
643046
20455
348135
774127
675824
839664
348155
741372
872451
20484
413702
610314
118797
839695
806928
348178
184340
806935
20504
544798
446495
413727
118817
610334
151594
184363
413739
741421
544822
380982
86076
577599
806976
380992
249922
479298
413764
53319
348241
708690
544850
381013
348248
544858
282715
708699
872542
151657
675946
315500
774253
249976
708735
86145
53377
839837
479396
315558
53414
839849
217259
577712
53427
676024
315587
643267
643270
676038
381128
282826
250059
53456
610513
544978
217301
86237
53473
446689
577770
839922
250099
807157
676090
348412
807167
315649
479494
446727
413967
446735
807189
53531
512285
741664
250155
807215
151856
512308
20790
315709
643389
250178
577871
774480
479571
20825
414044
315743
774504
610665
446828
479602
872828
545148
676225
315778
446849
840072
741770
676235
545167
348560
414097
217494
479638
840092
283042
414116
20904
676265
512425
807339
348588
676269
20911
676275
872884
840122
348607
643524
741837
610772
152023
807385
381409
414178
152041
119280
512497
774641
283127
53752
53772
119309
676369
709162
479787
447022
53807
774707
709172
447030
643638
152121
119354
414269
610878
643653
86599
774729
610892
741966
414290
873042
578136
840282
119387
709212
250461
774751
643680
840290
676452
512616
709226
479851
545392
53874
742007
676473
512636
709257
643723
447116
447124
578214
447144
86701
316087
807611
611005
185022
807613
250560
873156
152262
742086
578248
21190
414413
250574
447183
53969
774866
86741
119515
643806
316134
873191
348904
611046
152300
21229
348912
479986
381685
873210
873211
414460
447234
512780
774924
348957
807715
709411
86821
480038
447278
381742
643888
348983
611134
512830
447295
54081
414536
250696
414540
283471
480081
873301
316246
119641
119643
21342
611173
119654
643943
54118
480105
512871
381800
643946
86892
414579
775040
316289
250753
414600
676744
349071
643985
578453
119703
185245
447391
152489
349102
611248
119729
185271
86969
349117
21452
775119
447441
775122
54226
807892
21461
775127
87000
381917
316390
185321
283630
218097
316408
447486
218115
480264
349199
807968
709668
381988
840742
349221
709674
447531
21550
676913
611385
578620
414781
742463
87105
644164
480327
283726
611408
447568
644178
644179
382035
480344
218202
513115
742492
480352
185448
87148
152692
873595
480386
709764
382088
87183
644239
21647
54419
644245
54423
808089
218266
185499
808090
677020
447646
808095
54437
644261
119975
775343
808113
283826
578740
709813
152758
283834
545982
578763
545996
152784
414932
513239
447705
251099
840923
185565
54498
775396
873702
873703
611561
546031
644337
120055
316665
677114
316670
152830
775424
873728
775425
709893
873734
546055
513286
480524
677132
21772
414991
513293
87313
447764
87319
316702
251170
283945
480562
349491
251194
316731
283963
152890
644412
349500
578880
513344
185666
841029
808266
677197
447824
251219
644438
873815
677211
447836
644447
120161
382306
152931
709988
185708
21871
415088
513392
513395
742772
841080
218493
415102
513409
578949
841094
251278
382357
415126
185754
873890
578979
775590
185769
775601
710066
316854
21942
218559
546243
382409
21964
218573
579022
120272
513492
21984
87526
513513
251371
447983
710127
546287
873970
349679
284149
677366
415222
873979
284167
448009
742925
382478
415247
284176
546321
54804
448022
54807
185884
415261
349726
710175
710176
448036
644659
120371
448052
808519
185936
710224
742994
775763
710225
448087
677465
579164
874079
382560
87652
710253
185967
841328
513659
579195
22142
808579
317060
480901
87686
710281
251537
448145
54932
874133
874134
382624
87715
54955
22188
349870
87728
710321
579250
87734
841400
382649
874171
284353
448194
54982
54983
218824
349896
480970
808656
251605
317143
251608
55008
841443
874212
22248
644846
644849
710389
317178
153341
579326
743169
251651
546570
153363
644887
448280
743192
775963
55068
481052
153380
546596
349991
775977
415535
251701
579382
481080
55097
284476
841534
415553
55106
350022
874315
415564
415565
710477
710476
841552
481103
55122
841555
677716
448332
120662
612184
284508
350050
874340
513899
448365
350067
448384
55171
120709
219014
87947
120717
612238
612245
546712
645018
153499
120732
55196
579490
219047
382888
579497
251817
382891
874411
743342
546737
317370
808893
382912
55233
808896
88003
513988
710603
186320
874449
677842
415702
350174
874468
55270
808941
743407
382960
645108
710645
186358
677879
874489
710651
743425
841737
808970
219148
153615
579614
481312
710692
710696
448552
776235
710701
776238
153646
809010
612410
317500
841790
809022
776259
481356
874573
448590
776269
22606
88147
743514
317530
350300
55387
186462
88159
546911
383074
514155
874604
809069
284783
284793
776313
809100
317584
481426
612522
710827
743596
546992
579764
579765
55477
645305
22714
55486
350400
383168
809155
317636
350409
383178
547017
383181
874703
612561
284882
776401
547028
547040
874721
547044
383204
186599
743657
448753
547060
809211
284925
415998
874750
874752
645386
710923
350476
547090
284951
186648
710937
153886
874783
416031
284964
219432
645420
88368
874800
383301
88390
710988
612685
579916
285012
22871
88414
88416
612708
252264
153960
874856
776556
678253
547188
186745
285057
350596
711063
481687
350620
514461
743838
22943
317857
55717
383400
154030
154046
350655
350659
514500
219590
514506
350670
580052
252381
285152
743913
219631
317940
55804
285180
154108
514559
678400
678403
383493
416264
514569
154123
514571
317972
88598
711203
776741
678438
285223
645672
449064
219693
219700
645689
645696
88646
285255
809543
186955
449099
154191
744020
55895
645724
514656
449123
350819
776803
88678
186988
514670
383603
154233
318074
842365
88704
350857
285324
776849
318103
645783
580250
23196
219809
678568
23208
481962
744113
252597
449205
514748
875196
219839
285376
318151
23241
744140
744141
645838
187087
645847
645849
187116
56047
449264
842483
56053
645882
121597
776960
449291
580366
678671
678672
547608
56089
711449
776989
678685
383775
219935
809762
809763
613155
219941
580393
482090
23338
121647
645937
23345
482103
23352
449349
154442
711502
678735
777050
875355
678746
88926
285535
547680
88929
121700
121701
88934
645990
547687
88933
547686
416619
580459
154478
351088
416627
252792
449401
285563
646012
88962
711560
416651
285581
252814
88985
383899
187294
121767
514984
449449
482220
187309
449454
678831
89031
482249
383946
416716
383949
220113
154579
515032
383967
580578
56291
678886
220135
711658
89067
678892
220142
23536
23537
777202
383987
252913
23544
252921
89083
187391
875523
318469
285703
809992
547849
187402
384012
842770
56343
416791
351257
744471
416795
187419
613405
482337
416804
449573
842795
89132
23600
777270
711735
875581
449600
810049
187477
318550
253020
679010
253027
121954
351333
220264
416875
318574
580719
711792
416882
875636
187508
449662
515201
646274
875653
711815
253064
547985
810135
220312
318617
515228
711841
351394
875683
548002
842916
711847
253097
842922
122025
810156
285869
449712
515248
89269
384189
154814
842943
89284
777415
679126
220374
744664
56537
220376
23771
744668
253149
646366
416989
253152
253153
351460
842986
318698
646381
384237
515310
253169
89331
744691
351475
580859
56572
875783
679175
285962
875788
187661
548124
548134
286001
220466
548151
711997
220478
580930
253251
187718
449864
318796
679248
482652
253277
712028
220510
286047
187747
384356
318822
23913
613738
351594
613745
56697
89466
613757
810365
712064
351618
810372
679302
679304
515468
384397
744845
581015
384408
187803
286112
318881
286114
122275
712096
286117
23974
351655
318886
482734
646575
122288
712113
679352
449980
24001
581058
875973
318920
253393
712146
843223
679386
875996
450020
253413
56807
482792
155111
122346
581097
548333
187915
712203
384523
613910
843293
744990
220705
679457
187941
679468
810542
876079
24113
745010
646712
745022
843327
89665
843334
220743
646731
89676
876117
253530
155230
286306
581220
89700
876135
581224
351850
155242
515692
679535
482934
843385
417403
122495
417408
188034
515718
56969
777867
220814
548507
482971
515740
548522
89771
286380
548526
384686
24253
351933
581313
122562
220875
483021
220884
89818
24287
745184
679649
646888
745196
319217
712437
286454
843511
614136
712445
515839
220928
220930
581384
483081
319243
876302
679699
24340
679704
450330
745243
712480
384803
24356
515876
810793
483114
679725
450354
614200
155455
188225
778050
515908
614212
810822
155464
24393
286536
483151
450383
253778
384851
319318
221018
89951
876385
745317
679791
319348
319349
384890
581499
515964
221056
843648
450434
810885
384904
319368
24464
188307
155540
647070
745375
712621
221101
516022
384959
57280
516040
843721
188362
745421
548813
90071
843736
614360
188380
286687
253920
810980
155621
843751
483304
712681
548861
122877
253951
843775
483338
417804
155667
712724
319509
57367
221214
450592
122914
843823
679991
811065
483386
811068
254014
90174
516165
221253
876618
254035
188500
876627
548947
188503
352350
122975
843874
90220
811124
843892
680052
581749
123002
581757
811134
483454
254083
843908
811142
286856
123020
319632
123026
581779
549013
90263
24729
123036
516253
254112
417954
876707
549028
778405
549026
123051
516272
90289
745653
123062
876728
516282
745660
549055
254144
385220
319684
155857
24789
155866
155867
123111
778480
844017
811249
155891
254196
647415
352506
155898
483578
581887
811264
221441
155915
352524
352525
319757
286997
614680
614689
57633
155937
188708
319785
221482
713004
385327
221488
614708
188725
24889
155962
352578
319811
680265
745809
123217
581969
155990
713049
319834
549211
549215
876896
778592
319849
581998
123251
156021
811385
123257
254331
57724
582011
680318
876931
352645
221574
24975
319888
418199
778648
844185
844189
90527
745889
516514
221602
811428
811429
876967
385447
549294
745904
549298
516533
745909
90554
123324
25022
319935
549313
287172
123334
778694
25034
451020
451023
549329
287190
319961
90585
483803
385502
483808
680418
221675
90603
90608
844273
582130
451061
385530
877050
385536
90626
221699
156174
516626
877078
90650
221724
549408
451112
188969
287275
647723
483889
320053
385599
746050
516675
123465
156239
778832
451156
582228
57943
418394
287323
25179
156253
713310
320104
418410
549483
57968
418418
483959
221818
287354
516732
877184
123521
647814
57991
811655
516744
189072
778897
549522
156309
746135
254618
189090
549540
516777
516780
877234
713396
385725
189121
123586
647878
811721
549578
844490
844495
844497
484053
25303
320218
680667
320219
254685
680669
516842
811757
877297
516856
746233
811771
25341
811776
320257
582401
123655
254728
385803
746256
680723
582428
680732
877344
320294
221998
287535
451376
156466
287540
353076
484158
189248
615236
451397
222024
222027
680786
156498
189267
549720
254809
615256
451427
844645
811877
58217
451435
90987
156525
779120
680819
648052
451445
222068
123773
713597
451461
779145
877452
484237
222096
713616
254869
91033
680857
680861
418719
189344
58273
549793
418724
615333
25510
222116
484261
418729
648109
746414
615348
582581
484281
353209
844740
222151
222152
713679
156628
254934
549859
582632
615401
287722
680953
517114
287738
615420
254969
779270
779276
254989
517135
386066
615442
222229
812056
582680
746522
255005
680992
320547
549925
156710
549926
353322
681006
255023
451635
844856
58427
681020
517181
877630
255039
123970
484420
320589
255055
877647
451663
58452
25687
123994
648287
844896
877664
320617
287854
25710
418928
615538
189556
287861
550009
713849
255097
844930
484486
91271
124038
812170
877713
58519
812190
582816
222370
550053
418985
877737
418989
746675
484532
418998
746679
419001
156858
58557
681150
844990
91327
451781
812230
648403
386263
255194
386268
713953
713957
58597
713962
91371
58617
353530
845051
615678
353537
320769
713992
156937
288012
517390
648465
681243
681245
222493
156964
648488
255273
714026
582954
648492
681261
386351
156985
288057
615745
320836
582987
812366
288081
288087
648536
124257
124267
517486
189808
583025
877937
353655
157049
288123
124285
353662
451967
877954
583049
812430
451984
681361
615826
320915
26004
877978
157092
484776
812461
124334
583089
714161
878004
779701
615860
648634
452030
452031
779711
419265
189888
58819
320964
648651
714195
255445
222681
550365
288225
681446
484855
747000
157176
878078
845311
288256
255489
615938
189951
517636
452102
189967
878095
747024
878097
517648
91668
845340
157218
58922
157234
779828
648757
452149
353855
288320
255553
91713
583245
91733
353879
878174
452193
91747
26216
648810
747115
26219
26221
91759
812657
550517
91766
353911
124535
59004
616066
779908
321163
452237
714386
222870
255640
485017
91800
419483
288414
190111
681636
124580
648872
419498
812720
779958
812727
288440
386744
124608
386753
222917
583366
878279
779983
747217
354007
681687
845528
550620
583389
222942
616160
452323
583398
452326
91883
386797
714480
878321
780017
517874
517873
91894
59130
583430
550663
255750
648976
583442
157460
648981
354071
354078
386847
583460
648997
124710
386853
714534
255781
780074
845604
223012
321324
26410
419626
223028
845621
91961
59193
485179
157506
26437
321354
714573
845648
485201
321365
583512
59228
649054
681827
714600
583529
59245
354169
878458
59264
550786
223108
485253
124811
812941
485262
157583
288659
255894
223129
878491
190364
354208
518068
354229
845753
223172
321479
583623
92104
714705
616402
255954
190419
649169
616404
518107
583659
813038
714735
518129
714739
157684
321524
59384
223225
419836
223228
321536
92163
59396
419846
681992
354319
92183
813085
419873
59431
92206
813103
780337
747572
714809
256058
223291
550973
157764
223301
124998
321607
419914
518224
550993
518231
813144
387162
682077
256096
747622
92263
747624
780392
551018
878696
649334
878711
190583
288890
485500
551045
714887
190599
485513
26762
780431
321680
26781
190623
616614
157863
321704
157869
59569
551090
288949
59573
92348
92349
452805
59590
813255
125127
846022
354506
780494
878799
846030
714966
420055
256219
846046
256224
583906
420069
649446
157926
780525
649459
125172
92404
551165
583944
321802
878866
125204
59672
223513
321818
813341
649505
59682
92451
321828
551211
878892
387373
190766
452911
780587
747820
223534
551220
682296
387385
518461
682305
190787
715077
354630
551241
846154
485714
518485
649559
518488
190822
518504
321896
616810
780649
518508
616815
354683
584063
92551
551305
59787
354700
715150
616847
158098
878995
27029
518551
125336
682392
551322
616860
715168
321953
190884
747941
453029
846245
387496
813477
158123
354731
420276
256442
485819
158140
780733
518594
387523
715205
551367
715215
125391
59857
453074
780754
780752
223704
59869
453091
158180
420323
92647
879083
59884
551408
879090
158195
387571
387584
649733
125446
682504
223753
289288
813580
748046
256535
223770
387611
846366
682528
649765
420391
387624
453162
191020
420400
289330
748085
682550
27192
387647
191041
223811
813635
551491
584263
682568
322121
322125
551502
92750
813653
27228
322140
92767
584291
420451
682601
617065
813679
322164
715380
780917
584315
60028
420475
387712
518789
682630
27275
879243
846482
158356
256666
60058
584350
125598
682662
486055
27305
453290
92843
748208
289459
256696
649914
715451
256701
322239
223936
879298
486083
420549
60102
158408
551629
649935
223956
813781
92885
125658
682720
453345
617186
453353
846570
387834
551675
60160
518913
92930
92929
191236
27401
256782
387861
289562
682780
92956
813860
551716
682793
60207
224049
158513
813873
92982
879422
781120
27459
27463
650058
617295
879439
518994
289626
60258
486242
748391
486251
158572
355179
224107
158574
387948
813940
584564
355189
519030
27515
453501
27520
322433
191368
27531
486291
715674
813980
551838
748447
355231
650145
715686
617387
388018
125875
879540
322489
191420
256957
322495
846783
551876
846788
551891
125911
814040
224217
519131
191451
125917
486363
60388
617444
125927
519143
420839
93168
224243
388088
60411
814078
420863
27649
158722
289795
388100
453635
420875
420879
519185
322578
650260
388116
453652
879639
683029
420886
289818
814108
60444
355357
650274
388138
551978
846900
879670
289849
584763
584766
126015
879682
552003
617539
683078
584774
683083
93264
158800
617554
814164
552021
388189
453726
617576
453737
814186
486506
322665
552043
683120
748658
224370
158836
879735
93318
879753
519306
289931
781455
388246
584859
126114
289955
519333
257191
289963
60589
158896
27833
322747
93373
224447
879817
814282
683210
715982
421077
224473
126171
60636
126181
93416
290028
126190
453874
519416
453881
552189
519421
290048
191750
617736
847115
388364
650509
519440
388375
814362
290075
519452
486685
126238
584995
224548
683303
93481
322860
716082
683314
27954
159037
650561
159043
388420
388421
617801
486737
453970
290144
486753
617824
716132
355689
93547
454001
585075
683380
322939
224642
159107
159108
585107
585108
650649
486812
880029
552354
224676
355754
781742
60849
716210
683444
880058
716220
880060
617916
519616
617922
159171
650692
552390
519626
323019
388555
552395
683472
93656
60897
486882
880098
323044
519652
224746
585202
257527
224763
355835
519678
552460
814608
880145
93713
650774
257568
257577
28202
486955
355889
781874
454216
192073
618058
749130
93773
454221
683604
257622
388698
257626
388705
421474
814691
421482
421486
388727
323194
28290
814724
880261
552585
355981
28302
61071
880272
519826
618133
290458
683675
323228
749216
585377
356003
781996
159406
847540
421557
290489
356027
93888
683713
683712
749257
28362
323276
28365
61136
552658
519890
356052
782036
126679
880348
585441
487138
61153
421601
814827
552690
585467
225020
290558
651007
421633
651016
159497
585488
93969
388884
126747
257821
192288
421669
192294
290599
552748
126768
618290
126778
257852
880445
618307
421705
257866
716618
520013
28504
257886
454495
651103
782180
683877
880486
388969
782196
28532
421750
290679
814968
683896
192377
225148
618366
94078
454528
814977
61314
552837
356233
651146
159628
61326
356240
585618
94103
225175
323484
290719
651167
880551
782250
847796
323510
520118
585657
683962
520121
290746
782265
618425
159681
585666
683971
520134
94154
815052
683986
389081
356314
782301
356320
258016
290790
552942
356336
94193
487409
159732
782333
28673
815106
520199
258057
618505
290829
651279
159763
684054
520220
94245
618535
290856
192557
716849
520251
28732
127039
356415
290882
749637
159816
585800
323663
454736
651345
225363
454740
421973
782423
61528
421977
159831
749660
94306
127074
651368
553072
290933
422005
258168
61562
716925
159873
585857
28804
159881
749708
258191
749718
749724
454813
880798
323742
127139
258213
389285
389287
585899
389292
290990
880823
192701
61630
585919
585918
749758
323778
356546
323781
520390
389323
553165
553172
618710
258267
291038
618723
815334
520429
225518
127215
389361
454904
28922
585981
487689
127241
651529
717067
848147
651539
389397
356632
880926
586015
389406
127267
258340
192804
880935
94503
651561
782636
323889
717105
160051
454964
487733
323898
127293
749889
880965
389450
586059
487762
225619
160085
651608
422240
422243
487786
160107
749937
225652
553333
356731
389503
94599
520589
782736
618899
422291
94614
618904
651681
749990
127400
258472
815531
192943
553398
455095
651706
684475
29115
651718
618952
356808
389586
455127
750039
94684
160226
389603
455138
258534
225780
881141
356855
29177
422395
455164
193019
258559
225793
291331
291342
520721
717332
815637
94752
127521
160293
586282
782890
848430
651822
684595
29236
356921
62010
848442
815677
29249
225862
881227
225876
750170
258650
324188
356957
684656
881264
586355
586358
684663
160376
815740
782975
62079
29316
291463
357002
520845
651920
520849
127632
324249
291488
62114
389794
94885
815783
717481
553647
324275
783028
881335
29373
291519
717505
225989
62150
258760
324297
127697
651986
881364
357077
389864
324329
389867
586478
258801
226035
619274
324371
815892
455448
62237
455453
684842
357163
357173
815926
291637
62265
389946
881467
717630
357189
193350
619340
488268
95055
783195
521053
324446
652130
95074
586599
815982
291699
455544
95105
29572
848773
619396
193415
881544
521111
586648
684954
226204
652189
422812
684961
160678
816042
127916
226226
684979
488371
291766
258998
684986
848840
259017
750540
455630
521176
521177
455644
291805
521180
750556
357342
816097
848866
95202
455653
488422
750568
619499
717804
390125
62450
521202
488435
160759
750585
848906
881675
598578
816141
717837
160778
160794
259101
324639
783392
881698
619554
193573
881701
324653
422958
521265
652340
422971
717885
488511
750657
652359
783433
750666
455754
291918
29775
291920
160852
357464
488537
29796
423023
390261
750709
849019
619646
423039
849024
521346
685189
717958
750730
750733
29839
324754
357524
783511
357527
586908
750753
193701
324780
226483
586940
357565
259263
324800
816319
95428
881861
259274
521419
816333
324818
750803
95448
128219
226524
292061
259292
292063
259296
455908
750823
193768
455913
455916
62703
423156
750837
783606
554232
554245
816389
423174
554249
390411
161035
849168
849171
587030
750880
521505
718118
783662
750895
62767
357678
95541
259383
259384
849211
521531
685378
259399
619847
456011
685389
554317
816462
783696
259410
619858
750933
95577
554332
62812
849248
161122
259432
226666
816491
849260
423276
587118
619887
685432
849274
95616
456069
488839
783752
128393
62857
95623
685449
423310
587151
325008
685458
423318
750999
554392
882075
521629
292257
390564
718244
718246
161192
259498
849323
390573
226736
619953
62898
816564
456125
325056
128450
226755
62918
554442
718283
423373
882127
161232
783825
95701
161247
849376
292323
95719
30183
521712
357874
587251
423410
751092
390647
325112
488953
390650
30205
95749
259590
488967
620037
685575
849419
620048
521748
226837
128535
161303
30234
357921
554534
259623
357929
423477
63029
489017
226874
325180
521789
882239
751167
783937
554563
325194
63061
652890
194150
521830
849517
325234
816754
194166
783991
751223
226937
718461
685699
784005
751245
489106
784025
128666
751263
751264
685728
456352
456355
718500
816806
882344
521899
423596
161453
784050
784051
882356
751286
554679
784057
882368
390848
161474
325316
784070
390854
358091
227023
882388
489175
620248
423641
128736
194274
456426
227053
816877
259829
325365
161527
456442
751355
653056
30475
718607
30487
423708
30494
227102
816927
96034
587560
816937
423720
96040
587565
620334
620336
96055
849719
390975
128832
620362
620365
554831
882514
849746
128853
30550
620376
751451
587612
391005
816990
194398
292705
882534
128871
849768
325481
653165
751478
849783
587641
423801
391039
554879
522112
554883
423818
522125
554893
882574
554896
358291
522132
718744
489368
489374
194465
391077
522154
161707
260016
817074
30647
489400
325562
423868
194493
784321
489413
260040
358346
751564
391117
554958
260050
489431
96216
751577
128985
128996
129003
620523
227311
161779
587764
522229
587773
784384
817154
391171
686087
620552
227336
292875
194573
817169
817173
358430
620578
325671
686120
358440
522283
653356
817198
358448
784432
63539
325684
129077
96309
751672
653370
620602
227398
260175
456785
686162
424019
522325
850005
817239
817242
456799
325730
96355
391266
292965
260198
358506
587884
850034
227443
784502
63607
882810
424058
522364
620673
129154
522371
620676
522378
456843
587920
391315
620693
587927
522394
587931
850080
751777
63651
30889
129193
96427
882860
555183
784560
194735
63664
751794
456881
129209
424126
194751
882880
555201
882878
96457
850124
850128
96468
391381
424150
817368
817372
620767
686305
882914
456932
817381
129260
162042
358652
686343
391431
653577
325898
30989
522511
129297
96530
784662
555289
424223
522534
784679
227627
260397
719151
358705
850234
620860
227648
686402
96586
522570
489804
162125
227663
522576
293206
129367
391511
620889
358742
588123
588125
489822
457057
129378
162146
620901
686438
391527
96615
293228
784751
424309
424314
686477
31119
653712
784790
391575
326039
63900
260511
194978
293283
162210
489893
457127
752042
653742
620975
653748
96696
293307
653759
326079
96706
850373
31178
424394
260559
227792
227793
850386
63954
686543
63958
424409
653787
850396
358881
621028
195046
31209
850410
555499
621036
424433
621044
96760
621054
719361
653825
588292
31240
424460
522765
653840
850449
293396
752150
96790
719385
195101
653858
555557
784938
358954
96813
457263
490034
817716
162358
850487
162371
817734
817739
621134
260688
621139
195157
31321
64089
227931
522845
162397
719453
162403
555621
195173
686696
653932
359021
555632
752240
64114
850547
457336
293498
850557
522878
588416
260738
129668
457360
96914
96917
785053
719519
424609
817825
522919
817831
883367
228013
752303
162486
490171
31423
850627
654024
522955
686800
293586
326356
719574
654039
31446
522971
391905
293606
850667
752368
555762
293629
359169
588551
752392
588555
621323
654091
457483
359185
260885
850711
326432
424742
31527
162602
621356
883512
129853
850752
392007
260936
785225
64335
359252
195416
850777
129883
457563
588638
588643
457571
686957
818030
818029
457585
293748
621434
64384
850816
752513
97164
818063
490384
64403
129940
31641
555931
818076
326557
687004
129954
687014
654246
293800
97192
850864
850869
162743
195511
621499
752572
687039
162753
883660
621517
818129
293841
555989
654296
490460
490463
818146
424934
752617
523249
457718
883708
64511
818175
359423
523264
785414
752653
392208
457744
64531
359456
523299
359459
228387
556079
293938
883764
523319
457783
97338
785467
195652
425030
457801
228431
523343
490578
818265
719963
621662
818271
457831
719975
785517
130158
654451
818293
752763
687229
752769
818307
195716
359558
64647
294025
785547
490638
457872
883859
359573
425113
130209
752803
64677
261287
490670
457903
425136
556215
851127
163001
851132
130237
228545
588995
163018
490703
785620
228566
359644
785632
228578
359651
818405
130279
752876
556271
621810
163063
359673
818430
556287
818436
64773
392456
195849
294159
326932
195860
752922
687387
785692
97565
720160
621857
589091
720166
884007
589097
851247
621874
851253
720183
687417
654650
32061
392513
752964
752966
64842
851279
326992
228689
195924
327002
458075
621920
589155
490854
130406
392552
589161
851306
654701
163185
851314
195953
392573
556415
785792
294277
425350
359817
654731
425355
64909
130446
851343
327062
884134
785832
64944
622001
818617
490944
556480
32201
359886
458199
97751
327131
622044
64988
687582
327136
556521
327149
753136
589305
622084
392713
523786
130573
720400
851476
753174
196118
589336
491044
294439
32301
458288
97846
327223
491064
196156
327233
720452
523844
97862
458315
360015
654927
163416
392794
425563
163425
556642
818787
228965
458342
327277
32380
360061
294534
687751
687754
589454
130705
622226
884375
589465
327321
294562
360099
261795
622245
851622
818859
65199
720567
458423
261820
753342
523967
556736
65216
786124
229074
425686
130775
163554
851682
818916
524003
163560
556777
818929
884468
130805
720633
261882
655103
687878
491272
818955
65294
65295
851726
327443
622357
65302
491289
524058
261915
524060
884506
65310
229152
425765
98085
327473
360247
294711
32570
753468
687938
294726
720712
622409
65359
32598
720736
261985
524130
393059
884582
622440
360304
524147
360311
294785
524163
720771
589701
524170
196493
786322
491415
786334
720800
589728
720804
229284
458664
393133
65455
556977
753586
229297
786357
819128
589759
196545
65474
360388
884692
65493
622550
753625
65499
327645
458717
360420
98277
229348
589803
425967
819191
65530
753662
