156466
366796
386351
57991
863485
820975
84049
94306
508680
611385
750895
518913
556271
725979
705643
783392
573958
148601
118581
623455
201677
730528
229074
600943
346694
333017
146025
327999
659836
862854
350670
436294
664515
503075
651146
161453
865669
462011
385536
400304
577014
549578
210098
727825
668741
513409
704669
259410
534888
242794
611408
813038
370135
550663
536602
435180
362872
479602
549720
813860
771663
255039
759569
878321
416804
53427
349991
109916
249583
362461
715674
483021
241832
278990
446149
597226
218115
367331
64842
132380
434549
541522
870191
615938
860362
82331
135753
117190
870146
377435
219432
42187
181734
111121
277231
396161
75459
134455
754770
296150
482652
618899
312988
784051
563778
618133
722001
815740
405956
220743
59869
749937
559124
509808
313783
607820
504973
354007
303560
583245
166279
420055
430663
294025
510563
109175
662512
570124
843334
129003
513659
272523
742994
201769
447278
14563
246798
178282
541256
477244
727767
871564
21342
100729
543259
488967
650260
369912
343213
627192
301342
10459
528174
118149
587118
758642
801095
5199
621920
101621
620365
614200
821914
7313
498568
132814
435765
218266
399944
851343
540303
609197
319243
644887
135745
427761
504828
13159
237222
319834
583659
558375
669470
791584
83251
269186
723222
269908
895013
785620
147883
814186
882810
601845
585467
325671
443806
54804
345935
290719
806976
785832
318574
466817
629375
788660
254014
178865
469183
689289
462511
193415
107986
230429
219809
96530
338972
865229
449980
281594
794064
286306
358091
857587
798963
477343
220466
299194
132043
877978
859130
805889
686477
451461
875683
523967
106151
418985
484532
187747
269236
421633
581224
793402
428059
438167
740587
638874
358291
17592
892319
679352
24393
104343
737919
405899
264614
174513
402931
540679
246466
198525
189808
678735
444834
587251
720166
50599
793633
427412
717958
325234
185245
316670
481356
323044
506269
173230
150124
293206
678253
679126
456932
203252
20911
535115
872254
512308
586355
824666
761818
742925
651920
46136
681636
133768
643806
401369
5556
424934
879298
785792
373233
129940
79311
116014
553398
683120
152692
71965
256096
215529
117634
754650
844273
154046
112852
817372
394492
734550
531112
740581
814164
880058
199309
555762
96427
891609
465221
649334
708049
321365
487689
511841
371350
777050
804251
304398
393531
77794
449449
557837
558566
709668
350067
244832
780431
814040
45141
223811
516780
279027
679010
217259
449291
899367
606290
140446
104718
790320
65302
815982
850234
583512
785632
348957
864701
79262
694629
304328
522878
535726
866123
300381
564916
534246
585075
414600
248731
9569
671296
180609
122288
808095
187915
278423
328118
689805
412701
377798
433032
788387
519826
697629
251099
388116
158408
602833
399087
324446
602350
630841
29373
815926
620901
692503
106597
371102
662781
599115
177149
538312
424150
198888
317940
785547
131819
675538
241610
263654
891079
772576
173887
194465
424058
711063
343496
205806
439239
766786
697775
809100
878491
101311
546243
254934
251537
181043
211888
762261
839837
181347
430018
807189
396514
376110
9723
334287
292323
397261
507275
689988
672465
453652
798277
692320
197733
678672
43852
875523
244094
681150
445497
373365
406082
798318
47728
158140
498792
246435
848866
634340
328341
197699
334652
199922
789382
760534
311801
699283
525603
389287
484158
240292
367872
307553
458664
648492
803196
397699
527967
128219
26221
73814
726518
761465
426265
803685
373625
353537
899697
349102
259829
568784
690682
41523
405692
366764
884007
769006
172791
506431
320915
543841
350409
147131
177760
2161
398412
679649
471383
779276
340691
710696
231048
291331
133730
485262
265540
109035
620248
572002
301558
233844
529643
866990
828652
540714
130705
702237
522283
893006
358346
79220
136065
61326
581384
412212
199480
442396
718744
508532
139097
281242
696264
135219
745904
164120
824779
572281
867622
522919
509464
7348
166927
179777
295841
376675
6820
327233
43895
48535
606733
22188
698408
656097
372813
308251
17807
453074
668770
876931
552003
51195
497714
592610
488537
751451
580250
295577
824750
520013
211716
123324
281806
681245
169218
109646
129077
495919
16742
230503
826734
789292
452911
607326
207400
102622
485017
75390
392552
720633
827068
85258
414290
494250
38524
462813
818955
416795
3776
594875
530768
631570
493360
295425
628077
305794
722136
31321
696238
403695
882239
811124
48177
139974
386753
87526
259432
64511
664398
816754
575558
74000
415998
402871
678831
731535
250178
468298
588643
211867
725035
227627
505221
861877
831488
453501
735515
85005
569519
28673
290933
112894
794089
71333
254809
453881
644178
806120
850373
592649
878458
638328
834353
793782
407342
529407
831609
181359
243989
411247
486251
271942
24253
138856
128736
608936
301661
10488
330289
477866
213064
700026
14719
280326
166237
39549
105209
876618
860263
415565
342921
723476
466932
180279
581220
258340
398261
269619
81746
285324
755347
266709
553647
464093
864472
494872
478031
219941
224049
865936
64384
772851
9630
747000
816806
736785
532412
137043
849260
598675
667319
714705
281958
383967
153380
28365
649505
543670
704342
95105
143842
476559
575806
676275
225862
178623
721956
256696
359651
27459
876385
188034
579490
140374
563178
514155
552189
206497
368934
109583
703197
504855
626886
45001
174330
563731
48915
739914
301042
829959
840742
405672
648872
691003
94193
201883
665734
685389
55097
288081
202451
119309
164529
704452
825429
102614
569527
710477
54437
567850
567098
754330
643888
115375
897820
771667
16029
339195
244913
256535
475914
690734
85167
90263
338575
557398
347531
693120
82863
129954
440893
771232
313567
754911
127241
727344
306010
872884
134078
423818
292705
203743
867014
737862
96055
657363
236325
701562
88934
601018
599833
194166
871419
771419
409447
483081
152489
297183
99066
684656
726140
494797
692402
50315
36020
13866
689003
376938
14512
684979
271453
336696
71285
155621
743342
797253
269063
704179
524643
482220
415564
265599
700115
469769
619274
855190
234842
509108
125927
214878
732252
5019
394083
158572
645990
405708
212377
470855
808941
51591
687878
790098
551045
253778
722508
55895
825223
269333
520721
750823
15777
644846
740419
215210
43274
119729
397449
71179
624067
173981
514670
62237
63900
36633
821482
800283
31178
451435
854830
89676
759564
106706
537864
650058
729918
82198
751478
598258
551165
234460
199308
585899
724198
201276
244395
676235
204122
761922
650274
179265
737300
531792
359252
255553
767428
238362
336043
426470
246925
709674
595840
320836
476560
639476
854482
886349
130158
305424
721533
35581
402184
825204
127916
696876
693882
583430
732612
297382
531592
264415
324275
95577
201705
583025
105678
334786
294964
468401
340713
736578
755074
834012
298991
130573
205392
284167
295047
469829
340307
348904
40725
670812
167523
39220
490171
491914
551367
102660
869740
218559
240566
241079
897933
664885
732140
85682
166124
38377
882860
728262
234670
807715
785225
731954
183363
276529
354229
528930
656403
62010
471206
382912
379280
332531
813940
571764
110277
130279
362210
599434
451156
664645
575218
540688
2279
530863
530237
77395
206083
150959
305235
71214
790980
248208
81070
816990
466152
134385
92982
373565
517636
239223
138596
673102
154579
290048
725910
561467
73822
265420
443916
208482
722890
703201
98462
554332
98361
605383
185499
364456
782196
726611
388088
27275
864655
629798
141099
738304
754517
420069
576911
169115
874340
224243
551891
367439
407548
653370
327277
747941
9237
573107
727683
233609
683380
702356
761477
687582
596102
331289
688503
720452
259263
756724
224746
496155
33058
114328
148088
629641
258559
77024
117769
389361
250059
336434
577770
140030
762290
483959
118467
481687
709764
286687
401556
832104
806935
176723
602989
352506
20455
201391
424460
27029
53456
274710
380243
787583
600621
585441
274613
461907
809010
738465
69059
579250
844490
722046
524163
870810
754932
795507
539004
551305
194150
584063
78784
758348
371448
232418
743169
287722
796998
37079
84683
227648
67964
512285
126015
713962
664306
500069
59590
77015
698657
484776
848773
494750
702735
327473
653712
371461
686343
118680
333976
510353
257568
804750
152830
679704
348588
568966
762683
379948
443264
564496
39141
899478
341384
360548
155891
152262
745421
700517
804772
351655
828037
297589
222942
394866
749708
519678
317143
89665
336006
788446
297377
294534
712480
601366
226483
736449
38589
744020
156525
768594
800452
554831
598341
280816
400340
166511
339962
408879
665666
416619
636713
830786
73118
668336
253149
617576
282046
395613
775590
51922
197089
283630
385725
316408
327766
296987
10590
115437
125917
436093
204524
424309
824646
321536
714887
382649
835915
750666
583944
480081
306256
444089
304119
548813
467807
668428
549408
565228
370459
590461
724329
128871
46231
184340
649054
839174
1986
620362
604807
165027
302444
3644
67886
827347
442386
118608
526714
221675
502517
447646
689028
243293
175977
830659
564531
745243
567868
93168
496576
65474
92930
228965
848430
183804
828757
257527
702773
843892
485179
522765
316134
123251
221724
88159
895264
414116
327745
571271
854812
210960
724094
455448
584763
254869
112898
133991
523319
725093
783937
693503
448590
665548
472051
554534
657639
214145
214768
287275
307719
498211
899594
469369
886726
607234
253027
441607
536456
84735
110278
99438
653932
834467
606936
800902
436182
680667
457585
698090
21550
276618
657298
748447
39873
463335
877452
287540
513899
299558
455544
194274
575082
650509
873734
744664
403563
425563
285223
266166
369133
817734
583398
730685
186955
852423
170532
349726
758783
432632
823954
61136
339838
287854
306866
268061
523299
121767
152784
385803
350857
661433
259498
518994
636624
123334
631821
595468
249134
740822
404419
182489
875355
35933
185769
319348
156239
783606
601830
690708
825585
244228
858705
44460
303595
675946
724139
717505
7967
633230
703624
742007
221488
74935
462654
305691
296421
874315
807968
788278
355179
17301
803337
623507
844497
824663
860611
209314
635603
19547
272657
241064
255005
418719
172070
661892
714573
465422
243587
200965
327062
799151
811142
305068
834156
590867
606080
5399
257852
349491
440451
171954
143825
643524
360932
18818
320617
139723
562803
11860
436349
75914
286001
318796
699526
881675
542520
871246
92163
631257
442644
145063
329817
869939
772971
754956
827237
687387
159816
156253
4863
247719
163554
371931
745809
842770
385220
675620
451376
869771
838586
214055
242796
613745
62767
821690
886057
288087
821959
92551
439948
677197
657385
599932
755424
303751
697277
102350
871340
832607
285012
298344
759866
673542
858043
751355
811757
537739
679386
81756
242311
698187
588555
780494
76013
451967
145373
640553
447234
164231
51236
178256
59884
281238
45092
91759
700246
735333
793914
467537
554245
280688
812657
345998
216916
159873
339729
537554
253064
849211
415088
892894
156021
434078
854879
586282
842795
9149
408651
429176
886675
374511
131076
50979
5584
474918
668078
50755
653840
821405
822755
254685
95749
738594
373901
27531
673814
684961
40038
820864
639912
183716
790705
628949
475619
233178
284149
348983
535367
439281
573799
388420
540433
9644
710645
415102
618952
210258
408585
142758
542144
84882
707584
90527
51892
275946
786894
673933
414413
689064
520134
250560
254144
432535
266987
584315
145496
86741
1153
466253
498767
166312
750568
826457
174396
323889
842943
702236
372954
733645
797584
555621
574516
795957
49553
219014
522325
776235
710066
718461
536523
117630
384397
18591
892382
187391
500044
56343
752653
834066
680418
585657
717630
226874
628728
813085
443614
388421
441733
865233
814362
590028
18463
1160
383899
873890
411550
782736
170693
353911
624994
648997
402215
347267
802608
428618
531612
74633
667577
124998
388138
492157
689572
228689
200372
555289
343724
766925
485253
37875
316854
14982
132301
557940
876117
580052
480344
889149
109285
367220
572612
835189
798628
678671
398662
62703
285057
469466
532217
604549
227793
373574
615678
379282
800298
60388
32977
500055
566350
150224
787152
709411
889215
712437
371184
201080
447030
676369
454736
175351
651986
619340
749660
519131
799006
20504
739508
242926
864392
556736
79173
125172
370921
460496
504108
816333
692768
317636
719361
497421
732149
668822
157234
66792
604053
466047
731623
733628
580578
289562
240263
312205
429084
795181
540599
17268
266910
37450
269267
528289
405622
693383
526902
214852
317584
894373
290599
67923
892390
106258
131164
743838
138696
2889
869896
429865
142922
620889
707610
24113
120161
396525
886477
158722
483151
725010
271323
755456
797713
647878
358652
68735
796449
426417
134098
673644
518789
828948
629650
725591
205635
457831
329445
223291
179886
695793
126778
776238
633773
533015
184125
696002
460387
94154
509013
606699
440254
528948
819458
366080
835138
180874
766572
507627
793048
391039
102363
212692
195652
838744
331031
102620
97338
447705
112675
384803
819568
476202
8569
374404
701565
832494
307907
549313
34772
528172
672101
104795
325684
201608
885207
124580
779701
196846
388189
17149
364924
151657
310648
99052
425967
892790
339756
249726
54955
540435
838931
319811
390650
320257
672109
894234
667762
689021
286380
747115
308895
375748
805507
680819
823012
220312
618290
301656
460777
236249
604172
636721
841555
122495
578248
689431
818307
203080
419001
429777
61071
363200
148364
645847
659978
346472
32570
805033
113334
551090
336543
634610
473858
394747
372080
529167
293629
239858
139278
807215
154191
297764
409874
390975
37087
30889
202009
623776
122975
12230
298549
19713
797983
596499
553165
445227
453029
496735
195416
604577
684842
629761
591140
733022
274942
775963
320219
724765
740469
850816
640315
582130
457801
766686
748046
709212
258534
803376
27520
487409
549522
352525
645420
611134
791653
168659
50567
827011
64531
872137
835119
841400
452102
356003
779908
344926
304743
50675
246770
620523
610772
373339
186745
236522
79324
593722
498682
162397
488268
464049
609939
339749
371030
571486
562989
544798
88704
538406
596154
646888
590175
281144
832485
751577
885841
252264
244007
789378
472600
580393
535838
148509
60207
133526
480970
651822
822074
269438
287323
357874
652189
178314
60589
788033
598967
597865
230603
182451
138404
300572
876
333785
372008
426691
723124
716082
697195
52594
303828
208419
736566
4705
402103
535421
235924
671274
527555
137658
446828
767422
114902
123217
213338
569763
571943
123051
316731
650774
876896
30494
185666
868329
813781
422240
51878
240170
552942
313097
290028
68667
724764
637376
520220
573967
832333
382624
314226
58427
638879
129297
549055
807611
499434
890484
451023
342293
53164
209216
458342
836851
420863
890764
123026
40347
106883
298098
229784
39749
120055
474704
643943
387611
744990
54983
207922
619887
60102
710321
619858
557945
797120
343449
344291
291699
305740
346729
730895
292965
780733
367392
844017
156858
751777
576478
601536
399112
176203
734676
127697
224676
875636
814282
5482
5924
6533
301285
879639
65824
627176
344923
547090
544258
518107
179233
495175
267233
857851
107254
866457
484281
236798
828357
759610
398571
28202
492776
818146
39924
298440
455908
557604
146613
323778
263376
581015
24889
47321
767028
572693
519333
534788
815783
461443
265942
19473
235074
546055
399946
236680
233462
160226
609979
124710
163001
675509
708540
502809
117411
644438
797257
160107
68663
821762
363639
212056
415535
628607
59004
33741
557825
689762
637253
856825
563939
887987
661026
624530
540962
128393
315013
759808
248706
520390
53969
634315
775763
506256
203753
556215
51774
56807
260198
770362
557920
790312
620376
784560
704190
743425
419836
162403
462920
406364
147269
142726
401230
893164
759686
857318
44014
133895
389292
804661
657832
206846
164004
409113
263046
752042
771004
657031
742772
599501
331598
520849
161474
339700
325365
782636
466866
846570
292063
63958
587560
638061
665075
54982
519440
38246
535164
180569
404092
578949
352578
495375
378973
532575
651706
433798
614689
352645
115972
631977
322860
231996
90608
840092
23544
345250
318151
92843
393133
508249
269358
815531
192073
703284
703510
886821
475839
443530
816042
559619
350400
486506
18231
234796
862527
121700
841443
800288
182151
559341
834531
77630
149320
299360
69418
879422
843327
282265
139060
653165
549215
824012
847796
896099
603879
477970
477289
819861
12940
132832
308852
71914
828403
750837
338746
544684
51441
60411
578880
827331
113041
549483
306909
611005
472192
760166
196724
752769
360388
648536
889601
292875
799261
888662
800901
14689
185022
5800
71928
213797
399847
390411
444262
483114
56291
44189
644261
353662
93888
86237
66692
406884
608649
844645
109521
508234
346997
474908
547044
440661
26004
682720
181553
397193
615333
707051
524058
873156
804955
237287
486685
256666
621662
106249
478591
40290
573011
71071
39436
759920
82590
830518
99121
205811
316702
648810
293748
347767
170611
506154
372935
687014
502030
288949
548861
841534
198868
294159
648757
618535
790464
605798
197569
284951
439201
583049
694578
899268
598403
485714
775127
48265
871768
868723
205344
129668
380369
431148
613757
322747
597330
245150
674026
27649
418998
897171
413702
464421
465083
887239
522378
272247
272582
395436
650649
552837
717332
518504
88678
34913
363399
571044
515468
293606
468995
291342
631080
639852
298011
433142
301367
318074
645018
335244
148076
774751
238387
649935
831113
591714
421482
234985
29839
675157
505797
405761
112612
528759
740803
248474
621323
198675
671692
177404
675824
389603
602406
683078
159732
568832
670880
330415
681261
301966
248478
479986
452237
265767
650692
589336
565219
55270
394708
818063
360015
56537
382891
336264
581499
45225
235374
774729
314978
185565
888766
20904
791356
343379
238410
190623
711815
408078
169582
329435
443628
729500
247175
291920
877954
142784
772462
436674
242849
568597
672197
312762
867425
94245
495862
883764
683210
518488
549294
467396
186320
235393
548507
69357
536085
1253
338780
698480
260738
670917
345945
451020
178502
593809
19598
156985
621134
507887
65634
366466
550993
702570
782250
690710
146614
698519
510484
874449
93969
879090
791820
845648
809763
654650
233104
699896
653787
567244
277428
253097
479125
152023
147227
757028
187419
304375
612410
820833
663236
76558
113356
512780
45372
476973
482971
827743
60636
64335
482734
336301
668750
118280
677716
632724
659294
417954
399611
104335
843736
797306
813341
74080
746675
39572
457783
96917
132099
887937
432009
571350
668133
200004
232387
121954
890679
679791
554896
863770
823707
320053
334089
669626
315232
770939
425136
421077
322164
507247
874411
347504
707131
612238
762058
787248
76951
220113
681020
710389
56047
175569
309852
789111
489804
683029
256442
497604
811776
24975
84609
99548
684595
375699
706386
837468
839664
500551
491064
473027
105644
47861
339480
571919
419873
29236
616614
870570
516282
784662
161035
15600
289955
448194
103836
59573
24001
71859
795077
101615
372246
701196
165402
406258
427907
659809
867963
304066
460921
36837
604237
673372
595049
102746
857027
570863
345840
27515
838221
761624
354319
525332
606956
414932
715150
870875
544822
47538
199192
776849
113113
466080
486083
601378
416882
585981
585618
874750
256701
574286
164404
36018
146969
28922
651345
648465
714480
1927
7893
4479
28504
70503
506578
149624
749990
25510
23974
422395
468740
317972
588551
216192
201886
808656
456426
356052
65295
242759
290679
398703
151090
333737
465529
850627
604262
759067
598262
361500
473671
626445
746679
424394
518461
606074
66206
551978
402585
631076
304346
876967
462809
494260
807613
4973
735974
837187
283963
70600
366630
309386
32201
431082
204801
868878
753586
578979
891997
801910
199557
865414
324754
468918
209892
638561
131426
240874
446396
869781
144923
498272
40568
401641
659492
307896
657913
182312
201701
146900
833594
599890
870427
526551
580930
432545
404610
809069
507176
459875
66262
639591
766221
793153
160376
471912
67761
64089
130775
9956
495543
174827
418989
658505
117179
223228
657820
876707
636621
661722
757128
12441
142919
177895
340256
153886
845340
135866
110626
450330
855708
735318
269444
476458
695520
406165
230730
263875
622440
19082
625374
264284
750880
191368
894771
189556
85893
367735
769311
106310
2152
53319
264517
205905
530981
724867
848840
10148
630665
33021
896566
543445
47695
640154
687229
535856
584859
756343
648109
476887
462444
47879
307673
313174
226937
472797
399356
369794
538668
365383
829687
409700
361512
727454
880935
642478
751264
312744
795800
654246
143376
272725
797171
70420
2566
192701
821689
312500
866241
273580
422243
392573
329122
499341
469916
693072
767352
568335
736421
338717
425686
11071
547680
4980
413967
517135
353322
243445
50162
672369
761107
797934
222493
386263
216993
479494
436810
600632
166136
826070
752572
726137
573704
317857
802323
752803
178888
359817
680786
500491
300566
506673
326356
537050
220884
896899
400692
785467
330896
633188
405642
725178
631137
621139
12305
712621
891920
869346
207670
267683
397549
84905
104631
652340
300655
298605
696024
600606
799309
67538
434064
636405
180384
490854
710937
135673
792709
91747
797081
773724
544141
255055
292061
610513
10007
819368
188500
750803
822825
534741
855996
610173
882514
187661
565130
533071
363541
564148
834559
584564
801041
266781
812430
807892
606987
692011
134501
134178
562680
151210
230183
237013
158896
111565
368037
95202
524060
452193
6131
149910
75961
256957
101677
632425
844896
458766
711841
514656
210749
59384
234938
691247
156710
816141
359456
592275
273300
475175
690104
354208
327645
170178
857135
393861
267090
309532
515964
180010
31527
784321
153646
319961
303567
618058
129260
370673
371139
536760
709893
640050
75779
544649
295511
362954
539246
137307
470322
170551
575469
563255
725838
17557
426706
676265
100829
209342
695663
683444
786733
869500
862296
412659
468767
652890
337248
737211
780074
141164
643723
69135
173266
96355
521712
214133
402323
816937
814827
348178
361757
699394
223028
365743
526334
891333
173612
79793
309385
332590
701119
380134
497921
882344
227023
246238
419483
37408
209193
470634
743657
649446
17926
290856
290075
715168
80527
504795
482337
102919
343394
254035
602264
559540
788819
323781
66274
579765
194493
205253
103821
449712
55106
264568
665804
42279
261915
576749
624749
483338
533648
598458
105401
121597
182280
360938
313465
196156
51929
336961
448009
185884
220875
889691
815677
620334
866999
82216
308469
136645
592944
850752
77726
524438
407452
395684
130446
223225
795069
245528
630707
396504
536173
42877
419265
533628
319217
678568
375704
847115
882914
80474
864920
86599
579164
582987
363397
396529
421474
211965
262460
226666
755570
437318
209036
712146
325008
622707
747624
591454
406784
448036
861565
587565
393632
813980
853761
556287
529789
590548
736614
804743
748085
401966
115568
298543
70041
137518
526612
735043
458288
733819
706930
876627
620602
217301
418724
374000
814608
511786
572016
640710
470861
297339
207910
144848
5444
823624
812056
24340
531593
516040
221214
127215
849274
317178
81907
155455
214387
641706
833190
897801
425765
333826
427097
687751
517114
369601
851622
889143
138231
821869
290790
791586
83092
877664
398851
861741
482090
169427
137365
349199
332055
708178
345534
215964
711847
623665
89771
3746
561609
504427
512830
694512
623174
799281
544372
124257
447983
101685
160293
241271
594939
389450
89700
637789
29572
551876
874573
590250
232294
506252
488422
36037
398168
874783
14056
635839
790607
782423
410536
531574
268616
795449
631372
488371
596860
707210
285152
363376
642400
220264
383168
156309
90174
362944
288012
806387
716220
289795
134229
302863
308329
864091
829581
5519
174832
145014
411185
57968
673239
90289
653056
446312
315743
816097
288256
822442
596536
631695
343912
178332
325562
156498
583389
612522
2420
626625
144985
162753
350300
184194
89031
538369
796128
519652
611248
401253
531653
761562
152041
388969
740745
359021
736347
15988
774480
44555
710988
196705
306700
291488
12445
546031
285255
614708
720800
679248
25179
319632
213606
850487
784938
377662
326932
760650
301725
590909
259383
440056
174056
843385
769946
280958
430440
860756
176914
276816
493417
522125
165570
225989
668073
371773
318103
149384
18906
247507
536302
684663
597636
429355
170784
149089
302515
297199
346800
677366
43147
540466
310490
616402
303694
498144
84282
390573
780337
779270
6330
355689
156937
624928
111967
149391
251651
423868
271262
62150
319349
295231
653748
760910
580459
555183
208188
867205
121647
315558
286454
167281
501571
565161
648981
399969
272429
475849
701755
852820
638088
595841
788560
557528
74205
704717
172770
275895
572767
797371
397242
391575
9571
635044
745022
41926
194735
106022
26762
66993
397063
884375
775424
155915
500677
310786
330015
55008
533192
701692
98807
694650
640129
241157
763984
431854
769428
579195
827122
369439
297885
265286
184017
167054
320589
214298
309131
655789
227663
497001
680265
808893
605141
230218
826094
14548
251170
4042
755888
455127
88003
91733
617554
296016
336934
409009
38678
146115
8072
773238
884134
93481
585202
348155
767873
880145
744668
590139
365637
46416
133343
137146
811068
376525
277157
326557
119280
231800
414044
719453
398192
5440
321802
399730
666933
663153
632667
444579
539583
339352
228431
880926
530274
621517
190822
403039
677114
323228
351394
37797
891034
11302
752763
501247
772841
39831
811134
788800
130209
95719
616860
450383
240476
474994
359886
891197
575327
268656
61630
892113
203861
138541
37635
693548
738789
620860
469981
75840
738342
327443
14109
482249
803626
86701
808089
878174
754137
15230
247527
482792
715077
344194
443349
776269
672194
556977
573623
877713
741244
776259
697511
163018
500396
147884
48747
363466
386853
721558
311090
268631
303323
342257
228545
628209
158513
17170
644659
620673
117586
78925
610892
270926
850869
497590
641813
3095
432722
854151
503324
720736
636907
257821
581058
623721
360099
630267
653577
336199
760089
839121
541951
449573
443183
243312
872175
177418
155111
454001
509387
17139
124811
369102
422971
234767
394437
109406
626304
448087
698327
429626
466664
206117
473067
281735
219839
53473
116293
640769
94503
381988
105924
476497
706056
682504
804011
278019
612245
566617
58273
141751
867512
208566
804853
361163
707565
223704
104587
799474
258168
725212
426813
392208
131781
194573
718118
748658
874721
58217
63664
189072
149677
183260
68339
201277
660883
260050
45374
184363
516165
740923
49119
154123
836329
479396
711792
293938
575974
759993
114612
554442
499427
638274
638951
38046
167687
622044
819757
212122
117543
685728
672692
255445
677211
432617
493590
310507
608270
686305
2457
14874
810135
428799
751794
605045
179936
516732
615745
755521
853465
521748
555931
208303
586599
348135
811428
59857
223753
552690
603507
26437
468523
663373
846245
43524
826205
509744
637401
821559
799252
396970
682077
605867
802353
338975
797066
654701
811385
169130
667229
285962
29796
771015
540368
97164
615236
593649
616810
765932
249198
426314
809211
516022
564774
855214
544858
75904
476668
516675
752150
222027
489400
665269
117580
735440
794263
701925
772495
828578
126768
654024
424609
668568
169231
94684
816491
105412
11399
13804
153363
607167
798529
455453
770949
880823
298903
680723
515718
861590
331768
21984
651529
757397
243365
556521
111138
44248
311022
651368
735400
102370
324818
29177
841094
397103
556642
827953
233100
502439
480352
822801
481312
802418
390125
658965
767855
735427
525878
487762
885781
593121
115365
598367
391381
679302
598673
849783
504883
504895
143145
654731
726054
88926
533483
25710
12524
356808
22248
120662
554679
88390
243920
771120
756802
203519
837058
432461
227053
21452
632255
284176
246449
764690
225793
192557
300641
648488
497875
607722
707717
310417
423318
376671
714026
338364
802938
646381
454216
324780
401088
106296
253169
272467
108763
224473
100873
54419
463328
843751
806817
94599
626589
529266
682528
23771
200161
161779
387647
573721
736090
731462
589803
443914
590606
252814
643638
583460
754923
209160
871186
878799
519185
477190
440329
664916
216806
35407
561862
571059
679991
206902
40364
397341
771094
663054
308917
362268
508733
217494
359459
712445
645689
500515
133112
281320
148744
340890
455913
691990
683962
385327
165420
159681
507920
791759
882368
257622
340816
314915
534508
726356
662148
474398
177260
288440
403795
562592
455754
762167
100490
298613
258191
732991
77893
13562
178437
813635
238483
171023
54807
552585
759153
674322
466437
359558
876135
213100
572463
105979
682296
401343
805984
715982
284925
59431
595958
559999
498138
681006
438122
497496
850711
783662
102447
337328
483889
501895
885128
696237
61562
433785
730658
83148
111243
227102
332728
854978
94752
713957
55171
779983
561585
813255
128985
757369
728785
146850
66738
833889
790330
25022
598155
395283
781742
333086
264228
551241
10289
541247
867661
278480
496138
757166
564216
134390
434801
476851
778592
456799
229797
333254
638867
66528
557570
123465
462729
37770
470319
772600
713396
522845
682550
807167
644245
248220
401471
328555
811771
282362
10956
597976
8029
486737
646012
362347
586059
782036
465861
28290
498789
817169
246373
866696
808090
670227
856196
523343
324188
599758
753723
525709
133832
318886
90220
881544
192288
391527
595135
731326
645672
831112
800202
606584
18013
671153
290144
20211
174535
735338
636117
506639
384890
314135
806928
793850
220930
233374
150985
876079
686438
676269
172605
369947
251371
371140
643270
141990
338440
278892
850777
235598
157176
415247
14368
269031
864901
114938
276532
498828
258801
666915
170569
288890
766025
836224
368536
749257
255640
59396
108512
62857
459536
819595
186648
277124
833740
874133
191420
310514
247409
569346
198101
329529
27463
266088
471162
150145
587920
728789
804722
249047
837890
739513
31240
139886
263357
743514
737965
175921
699427
757450
456843
244500
89818
575440
431393
10618
183640
634098
844185
278166
221441
339520
751672
317530
136207
413582
536858
621499
299085
366154
350655
561970
860142
863971
550620
584774
675486
609163
380140
498292
262518
796566
870895
618366
104860
820094
584263
491954
210784
96914
55233
135825
350476
741664
149147
601666
438518
33284
676038
67010
872246
234621
52336
7128
528665
577303
881698
739098
850034
458968
861040
144755
873301
71808
315095
776989
313493
18674
808266
792483
202328
629704
454528
636842
5090
185271
574141
37264
884877
669257
649459
566164
838307
195101
202345
270212
382888
879670
198687
891157
422291
447531
488511
88598
43855
767402
530227
732713
714534
155230
404248
671191
152300
692521
96696
809543
157684
307171
641053
115039
840122
407156
647814
596485
426931
800267
205320
146348
716132
787722
691049
445229
402879
205400
864123
336529
94103
203720
878004
701894
415222
553333
108108
172123
726715
684986
252921
802613
148976
762585
210371
511606
885352
60028
204717
656849
442019
589465
891013
7772
253413
786587
825161
793967
96790
562272
811065
645696
96457
283945
21871
113299
49290
262557
171688
450354
542826
59569
623785
616815
27228
830479
214690
245629
104458
241697
160759
411796
21461
214775
559901
764005
526603
136712
24356
801453
139179
563222
58519
624540
670333
745196
459753
869018
708046
774707
873191
15593
461228
755162
166980
845051
212257
453737
155962
283834
617387
448022
789545
455164
455630
648651
200110
323510
639716
608541
734127
458717
802765
488
394152
355981
551716
597919
78087
670220
777415
383301
455653
491983
628007
115455
510698
304084
898751
883708
827461
466063
203846
769178
484486
202863
753136
823706
195157
110877
226035
65294
124334
591898
9140
249695
282374
230254
782975
64944
817239
682601
367970
16690
195173
557222
490638
127039
480105
784070
818436
49883
57724
215473
739247
645937
857258
126114
548947
260040
393422
729559
557665
400571
127521
399092
384959
592482
244978
101466
799100
48410
706402
143064
640859
659233
683971
301004
48463
449864
571349
283471
38511
896948
791618
875996
115141
676225
762420
843223
108943
93547
367509
168004
480524
872150
429011
230678
317370
621028
112892
174653
27833
889820
694033
440324
390564
324653
482103
657859
690510
266602
758310
673399
17894
381128
757088
237812
168843
4940
384237
882127
570853
873728
611173
515839
168607
30475
887194
259399
158098
263356
39113
65359
851127
723279
867461
586478
598998
479787
575792
304167
354078
208146
279950
278090
759710
142253
254083
203544
210867
40303
493272
145202
16105
442144
87319
389586
586358
496325
708735
190364
207263
486055
677020
170715
437886
12546
599528
571368
783195
91961
595942
868729
444536
76599
878078
851314
809762
383946
171915
571063
726509
439653
421705
321828
2553
514569
589701
552021
323194
237852
623824
377881
534330
163560
620767
714809
713992
108214
105878
896934
373577
6663
480264
307889
468938
564629
147136
246739
625224
298718
519421
273506
372901
893491
54423
659949
423720
315500
842922
843511
356546
850667
104347
58922
754824
665901
337157
877647
27192
683314
124535
495846
663469
518231
166047
780017
291805
350596
786322
332010
369204
413571
686800
125127
278514
489017
830997
463680
437768
486753
407234
228578
473227
173511
414269
647415
30550
234603
68182
79336
547985
805339
640936
392456
296481
601389
836622
689140
75087
282715
263728
453290
390261
767257
464723
250099
685432
796177
169049
436614
89466
739950
70051
895272
803823
278548
593844
590833
744140
380235
455644
850124
608576
718244
452031
324297
241773
378475
372439
149110
651279
347331
100328
710701
773992
543275
431576
547028
845753
689126
289849
828497
590120
508265
202995
694036
255781
110438
781996
307935
160794
259101
171750
315119
420475
577257
208923
579326
509704
424433
155898
876728
393894
125204
127267
462200
303407
481962
646575
837309
296036
838299
73094
800090
739952
281796
866611
279002
454495
798812
250574
319757
818405
696162
696453
439556
566312
73972
27401
81097
356855
186599
6498
385502
423276
880965
225652
85779
540197
565186
387624
490384
572643
264204
559946
489175
289818
551322
393823
461504
121701
362037
826647
348560
224763
168212
149447
44832
500128
511626
266787
102256
442136
892307
389081
133641
456785
706463
676473
405878
824081
97846
155464
884468
898422
612708
5635
107129
93264
89067
221574
336002
296361
498134
665619
65455
631075
360061
834056
887953
36171
666309
362805
449099
131364
332067
691948
259623
337404
406579
164351
734562
68650
880486
244760
116927
451635
20381
551675
590319
46044
79447
615538
463681
813679
402982
853566
411699
726419
704007
843293
856014
538062
347149
105810
631823
829634
22606
440567
501188
888634
524147
468961
84731
607857
520121
290829
741770
784790
590011
502253
453970
848147
238278
549211
348912
676452
577119
585488
740078
356415
216335
587773
223770
123586
696573
654091
458315
805142
325112
537209
155867
290882
454904
415261
129154
639127
203879
19015
290746
651016
95428
185936
114260
353855
451984
82486
519306
749889
63061
499429
672748
333231
411233
717067
432035
661788
41848
403209
183005
131351
163958
294277
46336
300752
213176
583906
438784
81920
769362
819741
579497
135001
68766
177614
515248
368865
88368
653759
521177
466057
302339
30647
554893
710923
878711
453726
654927
270898
755013
379360
278344
882534
449454
804110
45414
465126
684954
315067
592808
829996
391005
818293
457483
101944
448365
568671
423708
723593
801716
528561
660261
350174
150719
873595
383204
242659
402743
57633
244952
557656
779145
162743
465023
127632
55477
453353
129367
527267
59787
738109
459001
147025
293498
894918
367885
344580
516514
582228
526710
226204
344357
203647
880060
70773
433828
80659
868846
645724
260511
585919
231738
489368
483386
784502
356320
541719
884506
281209
401452
528530
77072
526508
250155
517874
181039
200753
157863
69720
128450
877297
322578
759969
674135
210795
701752
577599
228013
612685
719385
41024
414536
315709
126238
190766
799824
874212
128853
786451
213439
554317
561631
172168
189967
734161
210871
315093
195924
592180
451663
226837
563843
851476
117173
383775
775977
533654
549925
682780
203782
826850
436907
91766
350659
265424
277873
139235
745660
23537
617916
222116
454740
774253
145713
668923
446689
694444
62918
520429
788160
569215
856614
859015
110289
783991
37453
309619
376704
159497
741372
536756
495576
859441
512616
703920
895849
532850
541752
309495
74365
701969
873970
856442
560073
289459
818916
128535
555989
431488
873703
845604
95448
8129
148506
819714
173180
355231
730785
412705
687039
380799
830592
525116
373099
134824
753839
546712
96040
505979
673259
668956
274947
493438
350050
668188
619953
855242
853352
457571
223956
475572
577358
548522
395238
671123
253277
714195
706422
521180
472371
687417
830626
159406
789519
421973
488839
699923
270186
5863
361715
712724
521899
600045
270196
62450
255489
50747
525118
849517
325730
584995
200600
561049
96615
692069
59264
898548
711735
83734
691977
363865
626332
893151
473109
640657
571001
430754
416031
150540
473541
222096
871862
750709
338852
782301
806027
733165
717105
728306
537111
414178
569553
645108
74156
210261
872098
465596
130805
645849
383493
870945
45398
131976
347000
75230
431546
357163
168927
56572
506046
435451
60849
329171
701680
301396
503593
62812
241274
139842
77639
333230
715205
4244
726975
210877
678892
642863
749130
817242
722190
283127
805519
727777
205791
845621
118207
275880
178954
345631
352524
424019
678400
745375
295269
50560
249690
439405
194978
497686
538374
808970
281348
710651
383987
206274
339146
46861
65548
21964
636109
137326
473378
297778
285581
843908
695482
170131
535873
595132
818929
775396
881141
545392
669678
683303
19873
48252
759457
41870
443045
382478
620552
476438
271728
790852
130237
404202
1558
309915
629172
818271
271950
208531
718246
873979
615401
753342
898355
290558
439671
463193
44192
232359
331455
335947
507784
98730
830229
689306
822327
384408
304099
14428
670128
497376
251194
360606
120371
284882
251817
427463
504726
646731
889109
520589
841737
236358
253951
809992
735299
93373
289288
639782
792066
641922
474641
429054
222152
770995
391905
803590
749718
689541
694673
714739
584291
416791
476879
362229
322239
249922
675330
804489
288225
209833
539810
457336
721960
414991
888536
824543
85314
521346
741837
634029
297601
505120
589454
829350
53010
5104
505841
873042
286856
594872
544702
538261
388705
491272
198506
16272
403412
773033
602475
602853
216988
309949
811429
136626
272238
658057
457263
763048
750556
683604
896271
118817
185754
608154
274414
649914
223936
554232
187294
315321
693651
279255
854296
769918
202649
144718
168531
813873
191041
617444
819337
670405
745317
106443
713004
707598
558245
254112
287190
88929
144206
529036
828430
873
243801
656795
47102
843874
43442
387496
282826
300074
596394
234688
522154
768295
252597
237841
803656
51789
549793
15617
514571
197494
550517
636469
430893
320769
140234
849376
223129
336766
868584
423310
637382
83155
59672
839695
139344
860032
760223
122877
630468
752922
600984
389323
42395
59193
52357
76235
159171
416651
437865
779120
357002
539771
491415
389867
776960
722002
449600
881467
789094
18879
576545
197414
4123
342061
196493
119654
216651
630642
197851
187309
12589
655794
332335
547687
540078
850547
796844
302353
734849
670387
568248
459834
420276
278268
817716
587764
158180
304187
271807
535631
472064
537574
297646
61528
771586
60160
609237
334852
707396
325194
632094
682630
794269
629403
603746
858581
371834
143054
489413
384904
407781
341467
390848
17520
210760
796942
753468
4736
399547
762707
634661
207218
615420
15268
423039
548526
241291
372156
426238
816462
680669
659386
827605
55804
717837
512497
823489
593031
573982
184210
92206
274577
839849
782265
737177
494447
38453
266121
45269
396988
666911
187718
189344
53414
407054
45600
667818
251608
874079
506788
538256
519626
79773
768392
283826
849768
871739
160051
219631
177606
254728
401564
441757
468453
220478
472030
404606
151594
385599
751286
810793
388727
236737
582954
719574
598690
176313
351333
710127
772521
543575
284793
729190
251219
256058
456069
318920
861250
522955
732700
225148
218573
644849
357173
195716
696781
281833
633166
490944
735881
349870
114023
552460
245466
338144
790797
515908
183879
12953
558229
251278
663343
78809
704425
38262
825247
76032
1865
119703
688506
659604
786507
356314
404212
35350
5408
266172
157926
477016
215548
734943
404274
884881
857182
361871
155937
783752
491804
441644
725007
239774
640231
513492
495937
801783
72222
266266
116836
810156
190111
198097
428834
440947
451445
400373
152758
369617
622670
19548
26216
775122
433444
586015
101902
581887
356233
238436
162125
569924
363273
550009
466975
110893
493520
604741
533149
854059
423641
92956
134211
528881
712028
189267
291038
438631
112221
827963
292257
58617
816564
159107
814977
468654
596406
449662
175897
162371
734108
34231
639193
451397
637699
844740
538864
518551
26781
388246
472436
42458
477226
710176
106775
384686
75048
210854
180708
7242
537990
187941
319318
144771
315778
474512
102418
746050
782180
811721
157506
727678
58557
622001
842986
299541
772142
400132
159763
843721
298235
669381
142028
676913
608351
344628
677465
867911
171929
298283
354630
718283
507708
533394
836438
507330
11724
234728
631138
680992
551408
360311
540055
540143
530232
66943
551838
372370
798280
198225
339165
632246
297711
769578
417403
850864
726043
82765
620048
506753
479192
694544
17604
836902
23352
755450
314192
474145
445043
371169
105556
113671
875783
715380
262542
837194
727349
709226
614136
211167
472318
532865
392513
290489
268801
231841
104218
666112
580859
387373
735234
619554
267776
506964
32598
302531
77991
562191
64988
421557
461920
666941
874134
459081
670011
857331
320547
37402
335538
162358
77449
438611
727999
427960
233235
817831
449064
164606
837979
424126
208318
789717
54118
676024
46119
376856
321704
634918
321479
478087
656425
369767
378454
176082
211223
107373
538191
28362
523249
197484
296444
418199
577389
25687
814968
46986
587931
321896
311705
115987
167133
95616
399286
35622
219590
540432
368104
520845
595259
25341
568230
474436
278354
435749
867641
257577
288659
787887
232396
521830
514748
81258
187087
388698
183984
111248
13928
478239
503116
810365
521505
65310
120272
248561
733087
809155
630163
520118
164217
469998
190599
490460
468946
559445
60058
496666
81317
115780
170497
661497
289626
520199
818076
791960
700779
816389
562214
156964
585800
107492
358430
567797
821954
382560
759203
764957
106893
887439
509964
552354
546287
236712
619646
8944
418394
60258
515740
417408
276725
363112
592725
382357
538465
780392
709162
772965
674509
438830
105348
405666
887075
863097
327002
485201
449123
368220
278449
384356
55122
136557
220374
716849
183004
186358
116494
444458
246573
606560
355189
444362
355835
178184
560898
405511
729840
240496
98085
829340
280501
752368
811655
402166
530037
786825
344847
92929
560223
573207
645882
249207
698345
82134
666004
373520
640025
312254
755879
363772
328003
125875
254989
268760
137098
375274
581969
178508
434406
30234
695958
535217
367048
127074
175175
524738
229152
600510
836624
533282
565630
686402
157049
683083
329554
214831
119643
284476
449264
326432
65199
366298
792296
205053
67052
651539
561391
709257
757824
747572
391117
771208
622409
779711
714386
423596
469797
699226
680953
280387
316289
422958
206708
553072
580719
87728
115021
562993
172
350819
800448
812170
295132
69936
703209
401723
596518
708389
752617
115169
447824
140087
241571
548151
413425
483808
752876
831819
149718
420391
509788
565988
631606
92404
475606
250696
632620
586908
261795
136613
74662
413739
269868
144257
42533
404666
80842
750733
354700
872322
864538
629156
467004
396375
426292
88933
117798
165730
136314
738694
883660
279914
353530
448552
125911
822108
688947
540114
758516
330424
395901
799952
822768
713616
807385
358448
359573
697621
773241
87000
48754
849419
8153
314655
309255
489822
682305
313637
432720
303018
635349
754025
480386
261882
446495
221818
499909
527541
660222
841790
595602
167217
810049
536179
842365
270006
381917
93773
659554
239399
272187
89951
489431
260397
892730
335496
798122
577712
66967
303514
453345
609891
471643
807339
723470
99899
177284
801899
171716
868399
648052
107597
440917
841328
496858
427233
278167
295793
599446
566043
75715
52683
875581
248822
150371
433519
622226
751245
181955
384189
607726
695819
46586
473007
701407
336439
872828
784057
298577
630172
554883
50500
409275
649559
436132
185967
522534
619396
322665
101198
82099
360420
868777
65493
457127
357342
360247
125336
269382
673315
104046
601066
702675
166789
875788
396804
75331
274344
740880
503418
793137
256782
865523
208704
894089
182058
293307
778832
514461
785692
616847
589091
877344
793098
413727
257191
742086
784025
679468
262937
154814
291519
177174
289963
410107
28804
543031
664201
253153
718500
43525
513513
850396
294439
386847
372977
300271
796821
562720
596451
172049
771747
689882
595599
481426
751564
868880
686087
447144
604825
694609
696341
168648
6751
861445
844189
323276
859042
43378
110340
733720
835489
46527
550786
507372
771574
675323
791128
180047
605871
832550
519616
236094
401057
841552
577305
33906
760622
391266
375220
784751
308423
765115
805888
850386
260688
228566
573737
381685
210865
370769
99055
533799
268458
420549
615826
444556
622084
761888
859372
408606
123773
769696
328414
337093
695860
880261
221602
585108
549926
589305
38289
852327
525126
310436
66441
12957
165639
197523
135215
480901
420451
260885
47002
753625
605629
78420
780525
518508
489893
245735
630512
123062
701357
239638
169212
76625
474384
456881
384851
549298
291766
330694
688784
98650
803781
547686
249308
405424
210423
122562
783028
325180
46624
710253
885762
678403
327149
434481
576875
750753
221998
898072
344734
650145
674734
527093
113064
841029
439272
231506
429297
274964
625503
352350
222229
168741
512871
740275
347010
210544
64773
746233
427564
792763
401357
153960
302512
561339
160085
438538
387712
541447
511260
851253
170901
818129
46249
588125
268397
755356
282129
477085
49102
780754
683986
205997
560485
588995
26219
313566
148165
724913
830683
638759
871070
881364
250753
877184
2744
463008
219047
272205
737066
203345
388364
874856
93318
570427
92885
715215
13076
167290
673249
271748
401661
363298
161303
203399
255894
321354
144268
421486
224642
587641
336894
62114
642192
51438
267970
92348
620676
635138
545996
76103
698429
255954
449349
207104
861469
178735
201179
88646
49390
647070
338947
303456
720981
237139
443057
32301
46970
455916
816927
198741
537359
298191
603392
798641
333243
32905
486882
703673
874800
180867
668727
710281
62265
74893
473885
14296
331117
248711
294785
151134
698964
657059
181275
750540
496352
767116
755526
836737
844930
70309
43679
39368
107806
677132
726146
566003
43241
44285
790666
747622
58452
276510
867290
202260
629031
827970
545982
413764
526133
457903
220142
185708
656246
106009
363349
173651
612561
445281
440976
608715
232201
605209
334306
308167
333021
331451
473717
794535
592544
208169
875196
674051
790016
33009
439633
836247
146163
665569
750170
818030
517390
394718
42114
66191
426326
46478
365785
452326
156174
243073
365322
868301
375729
254331
658764
269974
527335
771307
398979
127400
812461
669667
582401
8426
621036
348607
70735
99748
33747
381800
602185
730994
638332
270265
90650
500884
6324
19327
759699
670657
23196
787946
450592
392713
797275
409283
846154
139373
509279
181464
203799
219700
723539
366325
376314
448145
719519
786577
395037
209931
614360
522576
483578
334531
438714
190419
682568
348013
737624
546596
618425
878095
38275
549013
361128
193573
220814
582011
731329
479638
82289
758107
386268
704723
32822
750999
707413
59228
679725
547060
673836
353209
778897
98918
579614
254196
253393
264520
454964
448280
614680
636453
164546
315649
423174
27305
802246
457872
293228
419846
146887
47940
671397
245354
707107
696976
780649
434937
568460
716210
338064
677842
316390
170145
596049
423023
652130
222870
222917
504005
587612
457718
416875
11667
433574
617539
700303
439170
6062
712203
633196
818265
761716
752303
554958
530970
387861
316246
891244
181042
383178
495593
684054
506040
626229
897037
487138
491767
644179
633074
499989
171978
451061
634708
819533
174528
711203
865442
410100
809022
549028
31423
518068
479298
8722
291918
467513
818175
332135
546570
720804
108243
402415
2739
882880
308187
201819
853346
205453
272883
4050
473602
80161
552658
544122
276542
519452
518594
582428
563440
759819
48496
750730
691318
735829
364788
448753
652359
112414
733399
255023
720400
364497
437454
585857
555632
89132
522971
437666
659786
547017
868557
513344
661492
756536
563275
132031
394354
357464
466759
187803
96586
380202
632920
161232
775425
681446
199903
588292
247572
867099
106149
710175
36919
114430
404467
620693
691245
55387
634946
874468
857026
776313
453874
388018
797622
565365
195860
57943
100919
826467
443337
115655
754752
288414
395342
391171
595824
864001
266273
772096
700069
137396
260936
784679
897551
894107
183372
238389
579382
624197
786357
703729
871167
795405
585377
272878
319509
400728
720160
663996
897755
521111
654039
173179
357678
119515
207515
556480
805071
451781
424314
441499
324329
664187
49523
605505
495564
38609
347494
382960
79205
766403
362639
370446
65499
263155
6915
654296
301234
887766
73868
109481
383074
11675
265986
45040
265660
287738
221699
222681
237129
801866
643029
554249
510661
129209
281023
366826
670887
71210
80772
449205
747024
575939
146513
431811
634239
707152
662094
546737
585918
422812
470222
583366
635666
815637
339874
601693
830597
691463
445695
518129
691548
359185
107817
433288
569190
140781
778050
745653
848906
683472
224447
470314
96034
485513
103089
55486
828794
228387
588638
678886
466378
106591
5980
168050
844990
227792
118797
649733
704150
247565
389946
618723
896247
572921
466084
109044
698644
617736
790011
329531
333520
332541
80631
247707
795420
48820
606429
87105
781874
22142
884582
223513
141487
575750
322495
810542
84768
126171
680861
630093
346452
742463
899894
291463
77268
294974
272105
808579
159108
236194
584350
752966
745184
106384
629116
206107
226524
397971
573102
225780
572404
208527
548002
796382
518224
177357
649169
115256
679535
497854
161192
822495
82499
755710
373688
645838
388100
465867
379120
248382
263498
569196
510988
551629
314708
506345
147860
495252
558601
48426
116771
238310
662917
427165
465930
530323
401377
34633
551491
325898
122275
642316
695641
567601
522511
322489
732784
319935
755763
9465
360716
97565
303114
698226
382306
851132
54932
447116
152890
64677
704967
488953
57280
325316
165613
191451
177308
804398
383603
153499
872413
214503
474072
293586
67325
63954
460759
75280
690633
860327
329037
374726
114445
890508
250461
550053
340168
570666
297925
593792
409912
819380
600233
247595
282254
247846
789119
270972
261985
432897
800234
604955
415126
350022
67701
156628
563752
45963
828466
749216
235568
512425
603201
505113
873211
56089
585107
683896
805237
196545
458199
123111
803899
192804
461329
591034
179635
501270
378638
879753
187402
176482
544721
31446
412326
654451
710692
93713
181714
799741
495356
428378
372498
839449
849323
681992
66179
163185
187477
324800
642566
747217
615256
513395
752513
223108
438283
471771
85766
521053
724263
822713
311992
188708
260175
472161
623356
110255
560572
566440
696361
225619
583529
737468
326079
147538
236083
224548
863802
540449
50846
139232
640304
698122
462036
432770
329803
354683
529867
445615
344090
491533
515228
166810
7778
846788
319888
363101
653742
673111
689383
888276
632274
664779
814724
400509
167504
734209
166347
34056
492802
486363
887920
671446
111891
484420
278711
351850
556415
32061
850410
399962
188725
146108
333192
32915
225518
353879
437303
386797
12574
339456
559872
345202
37592
767530
471847
495302
452323
877078
878097
778648
630361
893050
312831
253920
884796
315587
419498
160678
90071
321163
557981
327136
407459
287861
436487
758692
591716
494936
328794
891082
70200
881227
593960
646366
475256
868703
521265
784384
765975
553172
188380
817825
693635
547040
146515
508646
614212
107690
222151
370355
630334
598186
537892
222024
188969
898237
868668
286114
291637
734479
768053
174519
558406
894495
836075
5005
32380
398856
237067
135329
420879
607420
529725
573751
241866
482934
435713
266193
671906
644447
426249
327321
219148
375512
715686
777867
871570
402542
814078
77254
503181
14328
23345
511839
651718
516744
133883
447124
414460
260559
819489
628979
632493
142209
726080
224107
774924
887660
138353
236181
477406
409416
713679
43959
459646
846030
387385
284508
108539
686957
744141
82843
357565
623161
676744
148312
166829
868350
851247
554879
373978
280598
380992
249976
385447
446849
557607
193019
211374
358506
616404
516253
738527
758458
179737
294726
886132
418418
746256
395894
842916
125391
600415
717804
801164
63651
114802
817173
73366
573637
563307
73767
713849
736602
110240
89083
303
242248
437549
20484
673137
632477
710476
440091
578740
623573
598992
688389
888709
569265
286117
66986
183436
128666
603884
591190
799037
420886
369256
722116
827139
820234
204929
598191
695894
704225
522132
555201
380982
638069
343715
761214
602038
91271
275384
788131
407911
781455
261820
269938
685458
447295
332223
76090
627851
724270
322125
36275
332657
353076
400808
90626
47823
436967
23338
144872
87313
582632
601133
37426
306812
606328
814691
457744
344634
61153
411018
303283
242631
118073
200833
65991
423373
761591
592729
340654
19461
373286
272721
666262
462861
562455
609013
674627
366812
367237
758258
136739
207366
269583
788599
701616
866584
77494
370853
796166
540854
888046
64403
516842
322939
470805
377587
212795
864806
826708
812720
568242
504174
658871
524170
898775
320104
66084
610314
278551
442035
448384
329103
642122
135068
509353
831606
578620
475718
477318
573354
424409
891001
221101
227443
720183
641621
97862
387584
308417
13046
349679
838404
33008
526787
414097
735155
864732
545148
31641
696749
653356
500978
741966
736618
231035
673234
703486
422005
193768
126679
697147
379468
682392
621054
763361
627769
434728
662650
130406
603899
888461
763376
656552
783433
885635
724202
35543
510680
189888
19627
771143
38093
882075
375264
452805
779958
198244
107917
486812
99871
229297
626678
511412
462586
259296
280293
494869
886062
412063
686543
296152
874703
238132
718607
350620
122346
492043
357524
76256
136273
103110
636822
674003
627011
823047
288320
648976
34375
827834
449401
158800
806849
489374
780752
73791
153615
86076
126181
17778
593360
157764
868752
882574
253152
165578
181508
349221
227931
656459
798024
757498
846783
329512
386744
308925
701286
527890
703814
123036
791998
466597
679304
435858
880445
123655
683675
541629
551018
799835
879817
879735
847540
792085
95623
491044
815892
123970
403012
142888
246057
42342
24464
351460
129883
670495
285703
598578
680732
164435
98277
630986
536255
839922
11963
620336
7840
899193
114807
266424
762508
407775
111806
76479
433927
744113
9896
643006
258760
827840
406532
628342
879682
115131
663642
161527
262587
613910
214921
386066
145061
69138
91371
259590
218493
778694
474030
579916
229284
862337
257626
710603
144162
56969
696136
690502
47498
874171
287354
117900
519416
212331
694423
33746
570028
120732
862380
71010
259274
522364
454813
598348
334819
434792
671388
170503
777270
471693
305820
47269
468872
413350
458791
796863
851682
189248
22714
278618
509672
8441
896884
701770
554563
304259
240089
456352
312593
116779
183484
662547
271341
643389
519030
273829
333499
485500
270128
633244
556777
92349
505142
784005
660814
69453
365830
263095
244745
615860
400964
27954
620975
693572
605636
397148
508806
566071
766770
115170
345926
39888
808896
690690
372563
624157
473871
11818
40164
376766
306820
535865
85890
276790
882356
49180
855370
21229
739446
87715
240118
699849
268496
438398
708467
608586
586648
730218
631158
701333
72795
282119
393059
776741
698609
665084
767661
540364
447568
537448
589728
74323
538453
345061
376559
420400
30989
651167
267934
881701
75741
329481
23241
655103
810980
120709
251701
293283
3134
755565
447441
626963
613405
76508
502701
484855
93656
306336
466497
158574
79570
254969
522570
225363
273278
7385
235859
88147
492866
181310
439893
393571
65530
118063
298410
385530
429539
214598
183267
567116
504179
498186
29249
148223
90603
343754
252381
192377
530548
446727
780917
734486
438276
64647
674652
481080
743596
822232
504022
884692
170766
695255
669354
398729
749758
138736
709988
68714
812941
154233
542090
17780
555557
416989
591156
241411
736674
581779
66171
898202
369064
840072
601734
447183
810885
264852
317500
69781
177911
526521
373096
348074
284783
46211
393957
785053
778480
813580
890812
370747
587927
762541
288057
10976
117818
617922
749637
68031
181017
230426
100283
741222
150272
306037
3754
83783
10029
632296
379133
748391
134160
560096
838929
774866
532719
120717
544978
699798
784432
18089
838373
863540
870603
469578
751223
515692
62079
132065
688875
418410
746135
692901
647723
323019
58597
545167
86145
86821
625490
83295
94885
870014
293800
71565
322140
246792
354169
883367
625650
763663
295582
622550
459008
736589
470941
521629
849248
479571
578763
702178
81406
722898
835582
484261
337110
16041
220135
756066
615348
854242
595981
764852
134312
601204
423477
857311
447764
671790
403279
539071
672701
269717
39517
389397
635943
330630
95541
825802
5722
550973
427562
10386
429898
610878
566310
830406
189121
621044
426366
797878
738819
424223
737397
484053
603579
347322
374022
68294
492872
367270
227336
25303
707747
530952
889840
673071
891863
648287
643267
146651
356921
756621
723056
340255
849746
91327
148947
324249
49323
388375
141673
336937
77578
535173
865777
351088
486291
283042
608041
787398
563356
135455
756874
141843
387948
106924
514559
818029
293841
434161
791477
279303
830444
611046
49735
72318
721439
46557
867484
472757
765410
587030
388884
592663
146992
877234
472698
712064
870268
137559
81635
497897
650561
659107
785517
640329
169512
199416
537046
196967
532556
634044
290990
53752
49946
625690
158195
262761
428216
702623
265892
150269
562596
858760
319684
518485
370534
100342
269756
211791
182922
811249
477986
164530
90554
693996
873210
542427
164409
371847
558562
543061
765878
735421
147650
251605
618710
240067
544288
583623
192943
569648
605161
656692
421601
878696
428884
206823
502173
783511
285376
490670
359423
163063
595491
351257
331518
408719
689479
574654
358705
522394
813103
387571
500736
893256
151126
808519
801949
191020
773843
110391
109043
236176
257866
548134
41417
589097
245661
876302
202535
626399
510284
286997
173958
686120
877937
605512
769488
679699
577481
53377
117861
883512
820383
835321
658370
71114
896463
119387
530982
550365
285563
621810
566148
766873
590786
891894
853988
704699
175779
753662
433800
775601
23208
519143
407189
728612
285180
242133
870990
665324
777202
685449
191236
700191
889854
221018
849019
336229
66071
174966
320218
726355
278911
125658
778405
289330
38320
223172
270658
681827
344282
468431
334342
801629
410003
535785
504681
491289
803119
474401
312873
751263
845311
226736
765353
456442
830513
528418
715451
624266
491753
816319
536873
1854
377594
544604
869994
475509
513115
361591
221253
633228
534245
525665
640370
11202
347716
253251
29775
725088
564621
789186
800430
516626
638559
763495
361363
68336
88962
812230
767479
826482
689495
383400
10304
79911
732263
321524
657277
76519
23600
498264
175690
344404
705271
391315
299122
444409
619847
852760
166680
513239
812190
21772
89331
790950
483304
833040
178033
8626
457057
552043
240352
857013
329090
624812
689188
320964
443042
807157
622245
447836
263499
728030
312458
774127
578214
51793
168475
123002
819708
666620
829662
334915
433227
216507
37117
896675
750039
672078
570046
82418
524459
849171
897575
106173
721959
583089
817381
153341
620578
794104
558131
499610
132872
830591
849719
234110
507121
795676
700732
245932
490578
757183
895904
55068
33742
91033
730203
225020
788679
144419
407303
253530
701092
591978
70975
222068
669873
821329
577871
245288
496785
209038
125446
480327
390854
720771
674860
666676
721050
6770
574758
481103
776401
849024
687754
869369
117891
104657
119641
258057
110064
567906
831316
143666
831462
583442
582680
535822
531386
642139
458075
96813
703823
428317
39585
123994
111908
198588
131710
340400
91894
862371
513293
325056
104933
411555
618904
651103
267556
19080
361668
308378
837461
506567
452149
776556
775040
44693
826939
754374
294970
752240
204836
179175
746414
745889
596869
829240
727906
347363
88985
272426
75259
855452
686162
698013
814108
840923
122025
637935
856033
541126
87947
172576
182917
67899
359673
143533
817074
578136
672570
628763
582581
828410
666072
661709
548124
491943
159628
92451
581097
242682
522112
64114
673824
77195
628774
685699
769115
849168
786334
639566
810372
47253
90987
566679
758644
708690
71414
107999
297193
206161
867193
469759
356632
25034
722736
443585
657524
20790
875973
549329
831073
179843
544850
765931
830114
857219
886948
166050
179393
31119
623266
123521
318617
231602
262203
103769
686696
624275
830505
854190
587884
508317
890405
539323
343938
124038
223012
295670
106355
227398
653858
448052
1049
235114
174346
178497
773874
170209
89269
275563
318698
483454
231430
441951
155540
661872
381742
565398
96706
804008
429499
136218
813477
392794
483803
427990
195953
863298
597500
326992
643653
436782
886589
588123
517873
63539
37975
382409
79151
789628
551211
182613
770404
6982
641828
709172
412132
247376
543978
315154
226755
892933
557500
621857
229348
371246
475030
286112
168726
374099
440970
145643
825610
300174
304382
423410
178104
393888
144515
182825
756380
680857
584766
893103
535049
176750
67920
242660
720567
496420
258213
880029
472875
365587
195849
149388
172794
201640
52895
751167
889928
656350
524485
423156
810822
118096
532105
79054
149321
775119
91713
119354
523264
458423
537927
533737
184252
136189
81678
788144
726906
167253
877630
389864
714600
789169
695371
126190
752392
497964
256224
542784
770638
503962
64909
95701
34031
7537
867930
420875
434764
837005
461227
5719
158123
592181
459579
311547
336463
117295
494323
421750
880272
11746
377949
450020
264355
456355
817368
818430
504596
472383
151856
505308
466018
92647
44785
589155
877737
249138
256219
524629
575680
300372
670423
787400
1729
204900
421977
830511
491601
783825
563200
885313
835758
615442
547188
418928
729957
106423
412916
69707
190583
14032
84322
175203
453635
105990
478832
595176
84870
20157
812727
429913
62898
277249
643985
24287
65216
830787
724155
423801
238299
865891
732586
389794
719975
190884
193350
608408
887885
705722
475706
837377
152931
829883
344611
356027
688266
821939
410463
346961
754974
319785
700961
105238
59245
727053
53772
658113
494794
384523
140001
871580
123020
801399
712681
642535
625085
92767
413088
887252
526443
252913
186988
332124
258998
731383
406950
14618
432765
177924
815334
472378
87652
415702
368900
437892
263383
862684
879243
493102
187116
222370
162042
452030
189090
547849
290458
68392
190787
44331
425355
183009
159831
20213
398410
802368
206758
116872
521202
281851
644164
732112
80319
148503
469889
132888
467458
272679
525134
563509
140343
369147
729220
792212
235010
253020
820762
154478
23536
538627
165735
409847
789763
418729
588416
695366
617065
893776
85530
678746
641744
630498
628084
753760
293396
840290
221482
626823
568775
446735
740911
91668
19524
185321
567737
154442
872233
541352
258650
497477
375841
1977
285869
515876
657764
101837
56697
766666
599671
382088
719963
103278
366743
168958
30183
2551
396420
598430
437973
736567
834953
122914
822951
194751
640580
416264
142086
4303
861029
866005
280495
307524
744845
493699
384012
195046
606505
206881
327223
455095
169116
760956
138408
149298
558986
396112
532182
410869
220705
866654
572960
661941
562086
860863
211091
157869
516777
667455
719151
196886
711560
759414
661682
546321
300531
389406
360764
616160
224370
721044
433264
756532
321818
436655
636257
54081
646712
357921
683713
651608
260016
143338
161247
382035
396175
236198
644412
246117
634881
535012
220510
504750
119975
77227
625824
358440
514500
326039
164782
532867
271673
517181
535025
813653
501840
532451
575632
102593
112254
508405
356731
750657
132831
850080
676090
11523
268320
468442
586940
269083
262765
19459
558323
833221
570762
880798
93416
818617
797199
816877
208289
371398
405671
499454
117042
860400
494173
188307
198443
286047
705777
17218
539483
683712
822298
246810
770582
105640
641766
705739
434860
539442
255194
297727
339449
532663
871316
245038
416627
399012
675494
866015
343104
145665
897489
215728
591557
680052
383181
149909
187508
157460
752964
147733
475401
197659
109046
759697
203127
267554
690182
821468
662842
744691
124285
892327
720712
529641
276402
420839
765179
245278
517486
318469
667385
579022
575573
391511
117557
332570
95074
74829
521176
758907
129378
682662
858366
273071
410821
240314
651561
305323
270104
435171
475852
392007
116029
821533
419914
212680
318881
227311
361356
128996
346071
521531
31209
879540
166496
218202
634592
689636
846366
351475
862796
688455
552748
182585
798143
391431
413308
464851
731978
428512
766047
231301
170420
885825
255750
75970
630391
317060
893173
459123
375604
893172
708263
854090
607274
108831
434293
848442
886780
865297
278288
404475
376904
269094
755433
379212
47179
162486
366413
678438
640418
278937
193701
713310
403180
178227
174262
711658
133144
480038
201408
143347
344159
648634
577327
9662
721629
833558
139035
319368
11861
850005
543290
750933
763810
463890
87183
80415
624605
3475
687938
157092
405051
880098
570066
624173
20124
235288
818787
523844
551502
467978
888261
724332
324371
567388
685378
514506
634663
720966
613155
398306
722074
83521
359169
381013
323484
331869
761017
837291
18421
451112
396792
175305
60444
878892
43820
526819
803383
404345
590965
433013
750585
284964
380151
351618
138288
297079
319849
244871
716618
462937
201121
832757
354506
21190
507815
338820
225175
446390
161122
314497
460543
50893
643680
889948
96216
681687
184022
267835
232264
490703
490034
158356
334763
821846
380375
349071
263410
836668
232600
365320
361651
341611
500309
160778
287535
507246
234717
845528
629619
203225
871846
792439
327131
321324
160852
574403
751092
730862
700437
417804
769024
348248
26410
852852
349117
567928
373106
475828
440514
265271
170285
307080
285535
681361
513286
140709
528070
189951
375991
770425
606246
878995
775343
731585
86969
581313
808113
231383
230499
710224
688499
688356
835682
112132
259384
725437
215635
51841
398373
612184
12723
447022
394569
51751
873815
11864
832289
91800
375304
59130
581757
547608
267545
273135
880551
28302
774641
434280
476700
395233
517648
243080
624366
462713
414781
101793
107600
572367
88416
159043
447486
497739
325481
437976
94614
666525
610141
844856
307882
762905
389285
712096
366195
306165
574618
434981
280793
447391
657375
436309
179768
769011
506062
125598
149574
322433
568259
104146
90585
471142
890230
546911
571780
15841
864034
793968
868793
103356
330464
881861
883859
387162
314263
104078
843823
786715
45363
274623
240983
155242
159881
115176
161707
894543
523786
388555
504949
857696
787385
399197
757148
521789
79148
869898
871244
563993
493178
509560
387834
484237
519890
736903
116629
43538
858872
516533
85180
758558
840282
665013
302503
16928
8506
709813
570646
439302
57367
754333
887204
171199
576476
179814
381409
321680
835866
494345
806401
232772
617186
69315
233912
780587
94078
369297
884785
486955
785414
457563
127293
368764
267169
872215
582816
889448
52338
617824
40217
351933
78800
436855
865819
58819
641803
864766
55717
220376
863221
314445
131557
862350
753174
191750
150063
522229
225876
396800
889502
224217
424742
342112
617801
713953
113255
479851
781120
197253
158836
506185
868663
759144
370913
110659
723772
71219
162210
218824
835183
56053
467570
531181
102293
152121
862182
155866
162602
836949
308268
549859
546992
430772
321607
870078
860255
856415
823078
267521
218097
140201
851726
157218
333863
296956
823761
312130
312266
294562
453091
680318
315011
875653
106106
358742
521419
730843
566444
371153
643946
548333
390647
393816
836049
746522
197285
590931
406257
196118
349896
139050
355889
897071
323663
414579
728856
106885
278275
403791
179680
456125
343636
100358
846022
348241
198897
649765
468926
296873
694930
395623
97751
126747
638911
716925
587151
674111
574443
296469
52979
157583
177745
369360
593111
717885
838970
817154
729010
14782
864587
772323
84811
513988
656088
589161
705872
21942
60897
128832
610334
783696
646274
712113
414540
342686
684475
22871
395236
150805
358881
729021
53874
358954
728396
314009
113900
747820
246248
533254
633224
259017
28532
429288
791922
41333
7807
850557
510801
819765
801243
457360
286536
558540
339092
749724
683877
18974
372922
526862
515310
782890
740984
361817
92263
284353
151346
665460
827168
71362
635572
501280
830977
257886
622357
460185
854947
96760
687004
516856
489106
24729
558173
705291
432238
168226
872542
133561
170015
480562
717481
466418
92104
651681
313608
679175
79538
565076
487786
305050
80332
696313
59682
282421
594884
316087
850128
11880
69835
522371
529181
63607
13725
575089
186462
100177
763454
633874
651007
494793
147046
194398
230465
829258
613738
219935
123257
602935
63029
91883
771371
881335
635731
99228
560939
887259
644239
707216
13009
513392
843775
762510
168234
258472
490463
147930
643046
677879
774504
9482
580366
182564
743192
500880
620037
163416
258016
460597
846482
197884
219693
264556
594556
188225
631866
324639
275014
231525
878279
527889
552395
297927
5386
412793
789282
744471
621434
77051
47908
635900
195511
885310
702826
132858
346506
240666
450434
453162
135424
79422
585666
407577
554392
682793
723034
438462
421669
593788
402875
138421
874752
394411
887114
355754
512636
758685
563782
789100
748208
773902
154030
188503
407661
207514
745010
524631
236686
443231
558355
551220
444224
789709
311255
182067
555499
730750
70326
481052
323742
617295
525314
309260
889834
696687
202771
867998
579764
516272
415553
116921
437488
679457
318550
526559
467679
867133
736496
412267
51431
520251
724328
782333
524402
859040
710225
263198
338319
68413
837079
87734
663001
244254
20825
68190
694436
865650
374215
498504
407114
890780
100347
359644
11001
185448
40925
411930
467905
29316
102724
616066
170630
793300
432002
41699
149715
801781
892022
638833
216918
356240
787839
645783
499001
71070
543981
310630
610665
740225
337489
19527
591111
471752
858964
803439
706201
539424
201754
242776
448332
28732
882878
332963
451427
838408
861568
515032
864235
348412
830577
873702
84083
841080
590953
344718
432659
890102
10725
164261
30487
255097
87148
713597
54226
812366
846900
653825
515201
22943
494021
85087
30205
543648
85225
255273
213081
192294
869808
542433
296015
97192
328438
818859
205728
136764
825664
435222
407704
114625
114155
203906
155667
578453
306489
357077
127139
618307
145064
104382
581749
353655
296342
344927
763399
491857
877050
560650
559717
425030
162146
741421
525741
524003
664808
101437
635052
507218
339127
851306
129853
805577
527177
131417
768981
664647
79959
640136
223301
394971
221056
459345
539110
247410
630246
863254
406284
880348
112022
43808
46687
552390
631461
599680
888822
304435
163425
454221
110455
159037
819128
473475
862986
846046
201354
843648
413649
356336
754654
572472
629529
375123
711449
19150
721322
37035
391077
605543
817198
872451
597283
242351
866576
322121
92750
262792
710827
524130
435967
564110
170639
118171
259292
405757
526120
432077
39178
879439
589759
644337
203483
355357
349500
274532
713049
395606
619499
850449
21647
439953
514984
269119
5393
354071
874604
743407
165726
640914
155857
342348
828842
272367
154108
311246
881264
549026
416716
247812
328581
681243
50948
80164
455138
312186
461223
431653
685575
366407
801276
733597
560067
232673
779828
209459
297071
762546
538653
53531
99921
372718
477903
425113
803498
673575
387523
804960
711997
645386
820553
330744
863518
536047
244679
878866
724160
55196
360649
117598
10972
178819
321953
88414
714161
470632
642720
288123
114703
826133
561640
61314
320294
316665
397074
332525
611561
79116
728938
815106
625543
467052
703519
50889
593501
209734
635876
20338
16598
129193
892616
704824
23913
635519
525411
765122
503866
576974
357189
24789
148636
791476
18336
854909
811264
383949
70638
188362
693114
200060
241906
815052
803909
432107
869582
171365
743913
549540
209481
360304
268348
606104
389503
248544
485819
675571
327904
621874
673822
771259
39126
739687
71243
404491
505337
294711
510888
703475
405604
888339
499711
861068
212830
502286
869663
11645
70723
742492
307445
476549
86892
39957
155990
740344
697162
645305
632114
278915
569520
456011
882388
833530
488435
817739
82334
834948
115667
331729
486242
530917
49996
874489
203456
525154
478075
621356
356957
854459
124608
530840
838477
174096
459152
252792
776803
627454
642059
711502
138381
300402
283726
533051
497967
289931
87686
714966
165392
141357
264397
895135
230396
560415
772819
595742
96309
596156
428996
498433
17
68393
628794
648403
48884
771124
437612
202680
435496
576691
787118
244503
824396
826879
280153
258267
67719
182113
261287
487733
220928
149615
678685
556079
508861
618505
216959
124267
207566
745909
464356
429424
502061
704946
736491
95055
851279
331820
819191
42023
842483
699287
54498
176828
354731
834194
96468
714735
43226
138047
419626
17528
813144
528826
184149
571507
223534
470517
47753
92183
872223
696427
254618
53807
29115
897639
89284
708699
857130
844495
688778
397179
828281
351594
475590
379544
794567
174516
537219
74765
595133
412714
409459
425350
118120
420323
733319
438646
581998
397778
164229
209343
323898
811877
879083
604082
570831
565858
138365
357527
205716
460086
287172
226226
246364
534759
403697
636519
602284
208048
72954
685189
574553
528093
784050
673892
318822
357929
413333
107951
402789
210772
757606
786124
660291
341030
142622
870111
247890
